sequential fixed order:
	   46     6828030
          52     4241150
          55     4083610
          57     4072330
          68     4072330
          71     4072330
          83     4072330
          89     4072330
          91     4053150
          95     4042500
         136     4035090
         138     4031890
         182     4031890
         186     4031890
         190     2609160
         192     2495640
         295     2391980
         301     2256070
         313     2256070
         316     2256070
         318     2256070
         327     2256070
         330     2256070
         339     2255590
         341     2255590
         353     2255590
         355     2249890
         358     2249890
         361     2249890
         379     2249890
         389     2249890
         391     2249850
         393     2249850
         403     2148290
         405     2135950
         540     2135950
         542     2135950
         554     2135950
         557     2135950
         572     2135950


sequential random order:

29 7.10555e+06
34 4.2065e+06
36 4.2065e+06
53 4.13393e+06
66 4.03362e+06
80 4.03362e+06
98 4.03362e+06
117 4.03362e+06
123 4.03362e+06
166 4.03362e+06
178 4.03362e+06
191 4.03362e+06
195 4.03362e+06
198 4.03362e+06
212 4.03362e+06
214 4.03362e+06
216 4.03355e+06
218 4.03355e+06
236 4.03355e+06
239 4.03355e+06
278 2.84657e+06
306 2.84657e+06
308 2.80207e+06
366 2.52133e+06
379 2.52133e+06
382 2.49892e+06
392 2.49892e+06
394 2.49892e+06
469 2.49892e+06
556 2.49892e+06
641 2.45911e+06
658 2.45911e+06
660 2.45911e+06
705 2.45911e+06
794 2.45911e+06
808 2.45911e+06
809 2.45911e+06
812 2.45911e+06
889 2.45911e+06
891 2.45911e+06
946 2.45894e+06
959 2.45894e+06
976 2.45894e+06
989 2.45894e+06
1007 2.45894e+06
1024 2.45894e+06
1114 2.45894e+06
1117 2.45894e+06
1168 2.45794e+06
1183 2.45794e+06
1190 2.25741e+06
1204 2.25741e+06
1309 2.23668e+06
1312 2.23668e+06
1317 2.23668e+06
1404 2.23494e+06
1408 2.23494e+06
1493 2.23432e+06
1511 2.23432e+06
1515 2.22318e+06
1525 2.22318e+06
1526 2.22318e+06
1529 2.22318e+06
1540 2.22318e+06
1600 2.22148e+06
1602 2.22142e+06
1612 2.12255e+06
1628 2.12255e+06
1645 2.12255e+06
1647 2.12241e+06
1650 2.12234e+06
1662 2.12234e+06
1678 2.12234e+06
1740 2.12107e+06
1743 2.12107e+06
1787 2.12107e+06


Victor's pipeline:

         129     7132590
         204     4238660
         303     2746790
         398     2712080
         434     2408390
         503     2242620
         718     2201280
         818     2201280
         935     2201280
        1047     2201280
        1152     2195670


Our pipeline with single-way fusion:

          37     6138770
          66     3306920
         104     3306920
         121     3306920
         134     3306920
         155     3149800
         184     3149800
         250     3149800
         254     3091370
         298     2415400
         331     2357000
         340     2292360
         384     2208810
         389     2208810
         392     2189030
         403     2189030
         426     2189030
         442     2189030
         454     2189030
         465     2189030
         593     2169630
         632     2169630
         651     2168420
         673     2148100
         685     2144420
         689     2144420
