88465	0
88516	35705.8
88538	21930.2
88539	31004.6
88541	32486.4
88580	20956.3
88586	20329.5
88598	20337.1
88607	20397.1
88626	19630.7
88631	19701.4
88661	18825.2
88680	18911.8
88693	17949.3
88710	16088.2
88722	18472.2
88731	17697.3
88739	17685.3
88800	15026.4
88806	15151.1
88815	15623.4
88826	14912.8
88847	14999
88862	14547.4
88875	14446.2
88887	14700.3
88902	14573.5
88920	14321.2
88926	14494.9
88949	13898.9
88969	14019.3
88971	14282.2
88988	13717.1
88992	13761.1
89032	13755.2
89036	13559.8
89061	13309.3
89061	13715.6
89083	13496.9
89110	13298.2
89114	13322.4
89118	13251.5
89142	13107
89152	13275.6
89166	13239.3
89171	13115.1
89210	13056.5
89217	12896
89220	12991
89237	12944.7
89260	12816.4
89261	12922.4
89274	12737.1
89296	12744.4
89309	12674.3
89313	12669.8
89331	12724.5
89353	12629.2
89356	12584.8
89366	12607.6
89378	12535
89400	12624.5
89401	12576.1
89413	12421.6
89444	12535.7
89452	12444.5
89457	12423.5
89473	12423
89491	12348.6
89502	12356
89509	12300.3
89530	12419.7
89556	12350.2
89571	12300.2
89573	12296
89593	12298.3
89603	12243.5
89615	12258.1
89616	12294.9
89638	12219.7
89644	12233
89659	12202.3
89662	12138.5
89689	12218.1
89697	12184.7
89701	12197
89711	12082.1
89744	12119
89747	12126.4
89754	12071.9
89762	12084.4
89789	12055.3
89794	12066
89825	12070.1
89828	12014.6
89834	12049.8
89839	12013.3
89872	12034.3
89881	11960.9
89885	11984.7
89887	12015.5
89920	11935.8
89929	11958
89936	11967.9
89964	11838.9
89973	11935.1
89973	11928.9
89987	11866
90009	11835.2
90021	11789.4
90025	11812.6
90036	11755.3
90051	11811.7
90063	11768.8
90069	11767.1
90081	11740.1
90095	11731.6
90128	11714.8
90135	11731.3
90140	11739.9
90181	11683.3
