92412	0
92534	29799.5
92563	16311.8
92564	29018.6
92572	15576.3
92694	15294.9
92697	25826.2
92699	14991.7
92709	15606
92805	14717.9
92837	14279
92837	14631.8
92848	14413.5
92887	14295.6
92946	13700.3
92968	13895.6
92968	14030
93007	13581.2
93056	13411.4
93075	13628.8
93092	13487
93103	13449.6
93167	13336.1
93170	13264.1
93209	13152.2
93213	12925.9
93257	13129.2
93276	13248.7
93288	13029.8
93314	12905.9
93351	12779.7
93373	12839.4
93388	12722.2
93403	12817.3
93434	12697.3
93463	12623.9
93466	12650.5
93498	12585
93539	12522.1
93561	12690.5
93567	12483
93575	12454.6
93621	12509.4
93649	12409.9
93654	12391.7
93682	12454.3
93728	12361.2
93729	12331.9
93749	12369.8
93766	12230.6
93813	12333.9
93832	12329.7
93845	12194.8
93854	12143.8
93919	12025.5
93927	12107.8
93928	12162.9
93931	12153.2
93997	11992.7
94007	11996.8
94036	11920.8
94045	11968.3
94071	11970
94096	11942.7
94125	11914.3
94142	11581.7
94176	11866.5
94194	11837.5
94222	11564.9
94223	11908.1
94276	11528.1
94279	11517.7
94319	11529.9
94321	11544.8
94358	11468.3
94361	11517.4
94401	11453.4
94404	11444.6
94444	11454
94444	11464.3
94482	11443.8
