87418	0
87448	35705.8
87453	32462.1
87461	31728.4
87465	32135.7
87501	20069.1
87512	17462.7
87514	16394.2
87525	19473.8
87529	16412.8
87538	16877.3
87538	15700.4
87554	18855.6
87568	16051.7
87590	18196.6
87594	15770.4
87595	15040.1
87611	15502.5
87618	14717.1
87626	15501.1
87636	15017.4
87644	17898.1
87647	14574.6
87654	15299.9
87672	17625.6
87680	15014.7
87691	14482.6
87696	15299.7
87696	17432.7
87710	14660
87716	14341.4
87719	16696
87721	14648.6
87738	14580.3
87752	14304.5
87754	16306.4
87754	14417.7
87769	14435.3
87779	14293.3
87794	14203.5
87805	14191.5
87808	14141.5
87815	15715.4
87828	14007.9
87834	14031.8
87836	14168.5
87842	15354.6
87853	13818.9
87866	15263.1
87875	13707.9
87882	13766
87889	15061.6
87894	14106.7
87904	13575.3
87915	13752.3
87935	14088.4
87943	13684.9
87945	13740
87962	13585.6
87973	13676.1
87977	14100.7
87987	13654.5
88009	13493.5
88010	13951.5
88023	13673.1
88025	13646.3
88036	13395.7
88045	13675.7
88047	13645.2
88063	13638.4
88071	13614.5
88071	13366.6
88073	13632
88085	13510.5
88095	13201.5
88096	13584.2
88096	13629
88111	13286
88124	13456.7
88125	13180.4
88134	13629.1
88153	13289.4
88157	13158.1
88178	13446.7
88180	13067.2
88192	13639.6
88201	13335.8
88207	13293.7
88211	12521.1
88228	13322
88240	13180.7
88245	13615.6
88247	12518.7
88259	13317.9
88271	13140.4
88278	12428
88298	13107
88302	13614.2
88305	12371.8
88306	13316.1
88323	13043.1
88325	13482.3
88327	12322.1
88337	13305.9
88345	12966.1
88351	13273.1
88361	12023.5
88365	13298.6
88380	13218.2
88384	12966.4
88384	11978.1
88389	13251.8
88401	13124.9
88406	12954.4
88409	11959.5
88413	13156.2
88436	12952
88437	13123.7
88444	13156.2
88459	13057.8
88464	13072.5
