86158	0
86182	35705.8
86211	29161.1
86229	29160.5
86260	18161.2
86280	17546.6
86306	17396.6
86334	17097.8
86380	16617.9
86403	16554.6
86432	15195.1
86455	15137.4
86476	15103.5
86500	15102.3
86523	14918.7
86544	14525.5
86584	14103.7
86623	13934.5
86642	13752.1
86663	13727.4
86694	13705
86715	13703.3
86734	13562.4
86767	13556.3
86790	13365.7
86811	13324.8
86830	13309.6
86850	13203.2
86872	13120.6
86893	13068.5
86914	13057.3
86944	13048.7
86964	12969.9
87004	12710.9
87076	12719.4
87099	12651.6
87123	12626.1
87146	12610.6
87166	12607.3
87187	12605
87207	12540.7
87226	12485.1
87254	12482.8
87274	12431
87296	12358
87315	12313.6
87341	12311.8
87360	12295.7
87379	12284
87398	12282.1
87417	12280.8
