77777 0
77815 1.09361e+07
77817 1.09315e+07
77824 1.04648e+07
77825 1.10699e+07
77863 7.3643e+06
77865 7.34485e+06
77869 7.3643e+06
77902 4.81063e+06
77943 7.00503e+06
77957 6.08311e+06
78057 7.3596e+06
78104 4.04104e+06
78109 4.40051e+06
78151 4.78182e+06
78257 4.83741e+06
78269 3.83324e+06
78311 3.85222e+06
78341 3.9888e+06
78430 4.04104e+06
78470 3.82109e+06
78485 3.83324e+06
78575 3.80069e+06
78587 3.82088e+06
78608 3.80069e+06
78637 3.80069e+06
78692 3.66003e+06
78695 3.80109e+06
78718 3.82109e+06
78757 3.65297e+06
78769 3.65297e+06
78777 2.52674e+06
78786 3.65297e+06
78795 2.52674e+06
78796 2.52674e+06
78819 3.79338e+06
78850 3.66003e+06
78861 2.52674e+06
78861 2.52674e+06
78876 2.52674e+06
78903 2.52674e+06
78932 2.52674e+06
78957 2.52674e+06
78960 2.52674e+06
79001 2.52674e+06
79008 2.52674e+06
79068 2.54442e+06
