sequential:

	29    10938300
          32     9595260
          34     9485700
          36     9485700
          39     9485700
          41     9440030
          45     8402510
          48     8402510
          50     8362400
          74     6057440
          76     5581620
          80     5581620
          82     5579840
          85     5476860
          88     5459200
          90     5459200
          92     5459200
          95     5459200
         104     5228520
         119     5228520
         121     5228520
         124     5228520
         126     5226350
         130     5226350
         132     5226350
         134     5226350
         138     5226350
         141     5226350
         148     5191420
         151     5191070
         153     5191070
         156     5191070
         160     5191070
         163     5191070
         166     5191070
         168     5191070
         179     5191070
         182     5191070
         186     5191070
         189     5183250
         201     5183250
         203     5183250
         225     5183250
         228     5183250
         230     5183250
         233     5183250
         235     5183250
         257     5183250
         261     5183250
         263     5183250
         267     5183250
         270     5183250
         274     5183250
         276     5183250
         278     5183250
         281     5183250
         283     5183250
         286     5183250
         289     5183250
         291     5183250
         293     5183250
         296     5183250
         300     5183250
         303     5183250
         305     5183250
         307     5183250
         310     5183250
         312     5183250
         315     5183250
         317     5183250
         319     5183250
         331     5183250
         347     5183250
         349     5183250
         352     5183250
         363     5183250
         374     5183250
         377     5183250
         381     5183250
         383     5183250
         395     5183250
         397     5183250
         400     5183250
         416     5183250
         418     5183250
         434     5183250
         436     5183250
         459     5183250
         461     5183250
         464     5183250
         475     5183250
         478     5183250
         481     5183250
         483     5183250
         486     5183250
         488     5183250
         491     5183250



Victor:

          38    10929300
          42     7361680
          46     7361680
          50     7361680
          53     7339570
          56     7000380
          62     6657180
          65     6657180
          74     5802210
          81     5802210
          85     5717030
          93     5717030
          98     5717030
         101     5705020
         103     5705020
         107     5705020
         134     5705020
         137     5705020
         140     5705020
         143     5705020
         147     5335780
         150     5335780
         188     5335780
         191     5335780
         199     5079990
         234     5079990
         237     5079990
         241     5079990
         249     5079990
         253     5079990
         274     4936720
         277     4936720
         280     4936720
         284     4935720
         287     4935720
         306     4935720
         311     4935720
         315     4931770
         318     4931770
         321     4931770
         325     4931770
         329     4929100
         332     4929100
         334     4929100
         338     4929100
         340     4929100
         343     4929100
         346     4929100
         349     4929100
         352     4929100
         358     4929100
         361     4920540
         364     4920540
         369     4920540
         393     4920540
         397     4920540
         402     4920540
         404     4920540
         408     4920540
         427     4920540
         430     4920540
         433     4920540
         436     4920540
         440     4920540
         443     4920540
         446     4920540
         449     4920540
         452     4920540
         457     4920540
         460     4920210
         465     4920210
         468     4920210
         491     4627160
         495     4627160
         499     4627160
         502     4622680
         506     4622680
         509     4622680
         528     4622680
         536     4578150
         539     4578150
         542     4548700
         545     4548700
         551     4529960
         578     4529960
         594     4529960
         614     4529960
         617     4529960
         620     4529960
         622     4529960
         627     4529960
         630     4529960
         633     4529960
         637     4529960
         639     4529960
         642     4529960
         644     4529960
         647     4529960
         649     4529960
         652     4529960
         674     4529960
         679     4524460
         681     4524460



Solution Exchange:

          43    10924600
          60     7358150
          64     7348690
          78     6899970
          80     6584690
         110     5399220
         120     5399220
         131     5399220
         136     5399220
         141     5378430
         146     5351420
         227     5335710
         237     5335710
         250     4577860
         264     4577860
         301     4577860
         303     4569270
         343     4569270
         382     4569270
         415     4569270
         418     4569270
         422     4569270
         424     4569270
         427     4569270
         442     4569270
         452     4569270
         463     4569270
         467     4569270
         512     4569270
         516     4569270
         527     4569270
         548     4569270
         596     4569270
         610     4556810
         629     4556810
         637     4556810
         651     4556810
         652     4556810
         666     4556810
         666     4556810
         669     4556810
         673     4556810
         681     4556810
         682     4556810
         683     4435700
         688     4427940
         751     4427940
         755     4427940
         763     4427940
         770     4427940
         775     4427940
         775     4427940
         780     4427940
         792     4427940
         798     4427940
         802     4427940
         806     4427940
         811     4427940
         812     4427940
         817     4427940
         817     4427940
         818     4427940
         820     4427940
         821     4427940
         822     4427940


Multiway:

          39     9260920
          64     7289420
         113     6255900
         199     5620220
         337     5472890
         405     5472890
         433     5094230
         566     3969270
         709     3967370
         796     3914050
         846     3890150
         964     3890150
        1083     3890150
        1161     3889450
        1257     3889450



Full:

          38    10936100
          40    10931500
          47    10464800
          86     7364300
          88     7344850
         125     4810630
         327     4041040
         492     3833240
         693     3821090
         798     3800690
         831     3800690
         860     3800690
         915     3660030
         980     3652970
         992     3652970
        1000     2526740
        1018     2526740
        1019     2526740
        1084     2526740
        1084     2526740
        1099     2526740
        1126     2526740
        1155     2526740
        1180     2526740
        1183     2526740
        1224     2526740
        1231     2526740
