473589	0	-1
473608	5686.34	0
473625	4712.82	0
473637	4712.82	0
473652	4458.91	0
473665	4441.34	0
473677	4441.34	0
473692	4413.08	0
473708	4303.76	0
473720	4303.76	0
473734	4297.35	0
473750	4209.44	0
473762	4209.44	0
473775	4159.28	0
473790	4076.87	0
473802	4076.87	0
473816	4016.24	0
473832	3992.06	0
473844	3992.06	0
473857	3990.5	0
473873	3968.09	0
473885	3968.09	0
473901	3948.92	0
473919	3906.01	0
473931	3906.01	0
473948	3860.56	0
473961	3834.22	0
473973	3834.22	0
473987	3811.17	0
474001	3783.99	0
474013	3783.99	0
474026	3758.85	0
474041	3729.88	0
474053	3729.88	0
474067	3720.31	0
474081	3711.02	0
474093	3711.02	0
474108	3675.32	0
474123	3655.67	0
474135	3655.67	0
474149	3648.67	0
474164	3627.95	0
474177	3627.95	0
474191	3598.38	0
474205	3590.83	0
474217	3590.83	0
474232	3574.46	0
474244	3572.84	0
474257	3572.84	0
474273	3556.16	0
474287	3550.39	0
