317080	0	-1
317091	5826	0
317091	5826	3
317094	5194.8	1
317096	5767.22	3
317098	5317.26	0
317100	5729.27	3
317103	4941.98	1
317103	5180.51	0
317105	14452.9	2
317108	5260.7	3
317111	4940.97	1
317113	4714.09	0
317113	5190.61	3
317115	4930.39	1
317115	5187.22	2
317119	4813.81	1
317120	4931.59	2
317121	5127.02	3
317122	4636.31	0
317124	4732.33	1
317125	4704.68	2
317128	4730.23	1
317128	4702.26	2
317130	4896.94	3
317131	4504.02	0
317134	4490.44	1
317135	4700.54	2
317138	4502.3	0
317138	4392.34	3
317139	4477.54	1
317142	4296.15	0
317143	4390.51	3
317143	4575.07	2
317145	4394.35	1
317146	4290.49	0
317148	4281.13	2
317148	4288.91	3
317151	4350.94	1
317152	4260.43	0
317155	4191.43	1
317156	4259.87	0
317157	4286.67	3
317157	4244.83	2
317160	4122.79	1
317160	4120.52	0
317162	4202.09	3
317162	4244.16	2
317165	4073.55	0
317166	4240.73	2
317166	4097.5	1
317169	4068.97	0
317170	4019.38	2
317170	4171.67	3
317174	4041.81	0
317174	4170.29	3
317176	4067.23	1
317178	3917.94	0
317178	3975.03	2
317182	3950.38	1
317182	4115.06	3
317185	3917.94	0
317186	3974.74	2
317190	3949.4	1
317191	3919.99	3
317193	3917.94	0
317195	3974.09	2
317198	3948.69	1
317199	3915.9	3
317202	3880.05	0
317203	3888.28	2
317206	3947.73	1
317206	3911.28	3
317209	3857	0
317211	3886.96	2
317212	3910.62	3
317214	3840.95	0
317214	3913.28	1
317219	3912.37	1
317219	3813.07	0
317220	3908.01	3
317220	3869.57	2
317223	3812.97	0
317224	3907.14	3
317225	3906.11	1
317229	3757.01	0
317229	3829.79	2
317231	3903.19	3
317232	3905.39	1
317234	3723.06	2
317236	3768.26	1
317237	3730.15	0
317241	3722.38	2
317241	3858.35	3
317244	3768.01	1
317244	3729.63	0
317246	3717.33	2
317247	3705.51	3
317250	3716.94	2
317251	3705.12	3
317252	3764.57	1
317253	3729.61	0
317254	3673.96	2
317255	3704.84	3
317259	3663.02	2
317259	3695.34	3
317260	3752.72	1
317261	3693.88	0
317264	3635.69	2
317265	3694.93	3
317266	3649.77	1
317268	3693.86	0
317273	3635.13	2
317273	3694.91	3
317274	3649.43	1
317276	3693.78	0
317281	3626.86	2
317282	3649.13	1
317282	3679.02	3
317284	3693.48	0
317289	3679.02	3
317290	3645.45	1
317290	3619.9	2
317292	3651.58	0
317297	3617.11	3
317298	3645	1
317299	3600.46	2
317300	3634.14	0
317305	3616.54	3
317307	3599.75	2
317307	3636.09	1
317310	3626.4	0
317311	3616.48	3
317311	3636.01	1
317315	3586.81	2
317316	3626.36	0
317318	3635.94	1
317318	3616.47	3
317322	3593.49	1
317322	3579.87	3
317324	3577.56	2
317325	3591.62	0
317327	3593.37	1
317328	3574.03	3
317330	3591.23	0
317330	3577.45	2
317332	3590.71	1
317334	3577.33	2
317335	3591.17	0
317336	3566.34	3
317338	3544.87	2
317338	3591.1	0
317340	3590.7	1
317342	3544.87	2
317342	3548.3	0
317344	3566.32	3
317346	3547.99	0
317347	3538.57	2
317348	3571.4	1
317350	3532.79	3
317351	3547.89	0
317354	3514.76	3
317355	3547.66	0
317357	3549.87	1
317357	3533.3	2
317359	3509.58	3
317359	3525.8	0
317361	3515.53	2
317362	3530.57	1
317365	3509.32	3
317365	3520.97	0
317369	3530.36	1
317369	3510.93	2
317370	3482.65	3
317373	3520.84	0
317374	3482.55	1
317375	3466.71	3
317377	3510.6	2
317381	3456.37	3
317381	3482.54	1
317382	3518.41	0
317385	3455.9	3
317386	3469.2	1
317387	3510.49	2
317389	3455.76	3
317391	3493.81	0
317391	3468.87	1
317393	3493.76	2
317394	3455.69	3
317395	3493.81	0
317395	3447.46	1
317400	3493.76	0
317400	3469.23	2
317401	3447.38	1
317403	3445.29	3
317404	3469.09	2
317406	3435.23	1
317409	3465.46	2
317413	3465.41	2
317416	3465.01	2
317421	3462.38	2
