309145	0	-1
309153	6170.32	0
309158	6051.46	0
309162	5632.42	0
309167	5118.64	0
309173	5041.62	0
309179	4668.57	0
309184	4476.3	0
309188	4415.49	0
309192	4406.09	0
309196	4393.95	0
309200	4393.34	0
309203	4393.34	0
309207	4392.22	0
309211	4367	0
309217	4365.26	0
309223	4365.07	0
309227	4363.08	0
309231	4254.19	0
309235	4248.13	0
309239	4247.93	0
309243	4247.91	0
309247	4233.49	0
309253	4232.81	0
309257	4162.79	0
309261	4154.77	0
309265	4145.59	0
309269	4144.73	0
309273	4076.83	0
309277	4068.9	0
309281	4065.77	0
309286	4040.28	0
309290	3987.81	0
309294	3986.22	0
309299	3962.72	0
309303	3960.38	0
309308	3960.38	0
309311	3960.38	0
309315	3960.17	0
309319	3959.99	0
309322	3959.99	0
309328	3946.08	0
309332	3908.4	0
309337	3907.45	0
309342	3890.21	0
309346	3890.04	0
309352	3889.7	0
309357	3889.65	0
309362	3831.29	0
309366	3805.39	0
309372	3804.96	0
309376	3792.34	0
309380	3791.68	0
309384	3791.57	0
309388	3753.76	0
309392	3742.29	0
309396	3741.36	0
309400	3741.32	0
309404	3741.32	0
309408	3708.37	0
309412	3705.06	0
309416	3701.63	0
309419	3700.99	0
309424	3667.48	0
309428	3656.6	0
309432	3632.9	0
309436	3632.86	0
309440	3632.03	0
309445	3624.36	0
309449	3624.33	0
309453	3624.17	0
309458	3616.21	0
309462	3616.13	0
309466	3608.67	0
309470	3588.19	0
309475	3582.16	0
309480	3575.31	0
309484	3575.11	0
309488	3551.78	0
309491	3551.72	0
309496	3546.37	0
309500	3546.08	0
309505	3545.17	0
309509	3526.69	0
309514	3520.93	0
309518	3508.35	0
309522	3508.35	0
309526	3504.33	0
309530	3500.68	0
309534	3500.34	0
309539	3496.8	0
309543	3493.07	0
309547	3477.17	0
309551	3477.17	0
309555	3477.03	0
309559	3476.11	0
309562	3475.95	0
309566	3464.31	0
309572	3463.99	0
309577	3459.73	0
309580	3459.73	0
