479444	0	-1
479458	15631.8	7
479460	5194.46	5
479466	6998.38	1
479466	6480.91	4
479467	7338.79	0
479470	13815.5	6
479473	5177.27	7
479473	14189.7	2
479473	13378.7	3
479474	5092.19	5
479479	5042.28	4
479479	5270.47	0
479480	4922.75	1
479481	5198.45	6
479482	5006.23	7
479483	5087.41	5
479486	5793.58	2
479488	4724.94	4
479489	4910.19	1
479490	5131.54	0
479490	5170.83	6
479494	4880.82	7
479496	5003.45	5
479501	5773.11	2
479503	4832.97	1
479503	5072.51	6
479504	4724.79	4
479505	4790.35	0
479506	12866.4	3
479506	4879.55	7
479508	4931.64	5
479511	5174.18	2
479512	4699.67	4
479513	4740.94	1
479513	5061.23	6
479513	4765.91	0
479515	4719.42	3
479515	4760.36	7
479516	4862.21	5
479519	5121.82	2
479521	4786.98	6
479522	4582.02	4
479522	4684.95	0
479522	4733.61	1
479524	4712.26	7
479525	4513.87	3
479525	4807.26	5
479528	4676.99	2
479530	4764.51	6
479530	4558.28	4
479531	4545.81	1
479532	4701.5	7
479532	4499.53	0
479533	4499.33	3
479533	4800.24	5
479536	4645.56	2
479538	4760.44	6
479539	4532.23	4
479540	4497.5	0
479540	4513.26	1
479540	4430.28	7
479541	4375.6	3
479542	4322.02	5
479546	4593.08	2
479546	4459.79	6
479547	4486.53	4
479549	4434.23	1
479549	4418.67	0
479550	4255.77	7
479552	4294.25	5
479553	4271.99	3
479556	4323.61	2
479557	4418.24	6
479558	4447.18	4
479559	4309.31	1
479560	4303.27	0
479560	4254.55	7
479562	4113.43	5
479562	4260.27	3
479565	4418.23	6
479566	4194.46	2
479568	4411.68	4
479570	4077.73	7
479570	4267.52	0
479571	4235.35	1
479572	3931.01	5
479572	4050.92	3
479574	4185.88	6
479575	4192.84	2
479578	4103.34	4
479579	4058.62	7
479580	4050.56	3
479580	4082.55	0
479581	3924.96	5
479581	3894.53	1
479582	4185.88	6
479584	4076.43	2
479586	4102.12	4
479588	4048.27	7
479589	4048.89	3
479590	4065.24	0
479592	3906.91	5
479592	3835.47	1
479592	4076.26	2
479593	4184.73	6
479595	4102.12	4
479598	3924.87	7
479600	3923.98	3
479601	3834.74	1
479602	4064.24	0
479602	3871.18	5
479602	4074.26	2
479602	4075.95	6
479604	4064.08	4
479608	3923.53	7
479610	3921.95	3
479611	4063.08	0
479611	3814.43	1
479612	4074.06	2
479612	3868.34	5
479612	4075.88	6
479615	4059.7	4
479619	3921.95	3
479619	3923.52	7
479621	4070.11	2
479621	4045.77	0
479621	3812.61	1
479621	3868.17	5
479622	4075.79	6
479627	3920.74	3
479628	4035.5	4
479628	3745.01	7
479629	4065.46	2
479630	3781.35	5
479631	3942.74	6
479631	3962.98	0
479631	3799.64	1
479636	3873.51	3
479637	3932.45	4
479638	3781.06	5
479639	3925.21	2
479640	3872.44	0
479640	3698.05	7
479640	3731.42	1
479641	3929.97	6
479645	3871.92	3
479646	3931.56	4
479648	3918.66	2
479650	3734.06	5
479650	3696.36	7
479651	3925.94	6
479651	3859.71	0
479651	3731.31	1
479655	3746.61	3
479658	3922.16	4
479658	3918.06	2
479659	3609.33	5
479659	3567.47	7
479659	3859.43	0
479660	3582.63	6
479661	3717.71	1
479665	3734.15	3
479667	3611.93	4
479667	3620.51	2
479668	3566.56	7
479668	3600.83	5
479669	3584.51	0
479671	3545.91	6
479672	3602.36	1
479677	3676.58	3
479678	3610.55	4
479679	3612.92	2
479679	3565.81	7
479680	3543.49	6
479680	3600.32	5
479680	3584.22	0
479682	3594.44	1
479686	3555.14	3
479687	3609.63	4
479687	3536.75	7
479689	3566.84	2
479689	3501.14	6
479689	3583.51	0
479689	3564.76	5
479692	3590.74	1
479697	3563.99	4
479697	3536.3	7
479697	3547.3	3
479698	3494.25	2
479700	3495.78	6
479701	3520.53	0
479702	3564.53	5
479703	3475.06	1
479707	3536.21	7
479708	3556.95	4
479709	3493.74	2
479709	3506.41	3
479709	3520.51	0
479710	3491.61	6
479711	3564.42	5
479712	3475.06	1
479717	3516.87	7
479717	3556.67	4
479718	3493.37	2
479719	3453.03	3
479719	3445.61	6
479720	3483.16	5
479720	3520.35	0
479721	3475.06	1
479726	3478.62	2
479726	3516.59	7
479727	3458.82	4
479729	3452.65	3
479730	3444.89	6
479730	3482.82	5
479730	3473.45	0
479732	3430.21	1
479735	3477.99	2
479737	3487.28	7
479737	3458.36	4
479739	3444.28	6
479740	3472.97	0
479740	3452.34	3
479741	3457.45	5
479741	3429.53	1
479744	3477.99	2
479748	3412.13	6
479749	3408	7
479749	3458.35	4
479750	3472.97	0
479750	3427.56	3
479751	3408.06	5
479752	3429.14	1
479752	3405.06	2
479757	3407.79	7
479757	3412.01	6
479758	3411.49	4
479759	3387.8	0
479760	3427.56	3
479761	3398.41	1
479764	3405.25	5
479764	3388.11	2
479768	3408.21	6
479770	3407.69	7
479770	3387.74	0
479771	3427.49	3
479771	3408.19	4
479774	3387.93	2
479775	3398.4	1
479775	3402.03	5
479777	3394.7	6
479780	3379.68	7
479780	3387.74	0
479781	3380.64	3
479782	3408.12	4
479782	3366.91	2
479783	3397.84	1
479784	3366.8	5
479785	3394.7	6
479789	3387.25	0
479789	3379.37	7
479791	3367.11	4
479791	3363.08	3
479792	3390.56	1
479793	3352.28	2
479793	3366.67	5
479794	3394.68	6
479797	3386.6	0
479797	3379.21	7
479801	3352.1	2
479801	3357.13	4
479801	3360.59	3
479802	3346.67	6
479802	3368.46	1
479803	3364.13	5
479805	3386.6	0
479805	3356.46	7
479809	3346.49	2
479809	3357.01	4
479809	3357.85	3
479810	3346.49	6
479811	3344.45	5
479811	3367.97	1
479814	3355.96	0
479818	3339.68	7
479819	3355.85	4
479820	3332.02	2
479820	3346.4	6
479821	3344.05	1
479822	3355.68	3
479825	3342.69	5
479826	3355.9	0
479829	3331.89	2
479829	3332.57	6
479830	3336.77	7
479831	3346.21	4
479832	3339.19	3
479832	3343.91	1
479835	3330.18	5
479837	3342.47	0
479837	3321.05	2
479837	3332.57	6
479838	3306.83	7
479839	3346.19	4
479840	3318.43	3
479840	3343.91	1
479843	3296.18	5
479845	3321.32	0
479846	3332.57	6
479847	3306.6	7
479847	3318.73	2
479847	3314.07	4
479848	3306.4	1
479850	3315.94	3
479853	3295.97	5
479853	3320.42	0
479854	3293.43	6
479855	3306.28	7
479856	3306.38	1
479857	3316.21	2
479857	3312.26	4
479860	3306.95	3
479862	3295.58	5
479862	3320.42	0
479864	3284.48	6
479864	3287.26	7
479865	3306.37	1
479865	3281.84	2
479866	3312.23	4
479868	3282.49	3
479870	3274.57	5
479870	3287.38	0
479872	3283.54	1
479873	3286.97	7
479873	3282.37	6
479874	3275.39	4
479875	3280.4	2
479877	3281.11	3
479878	3274.47	5
479880	3287.27	0
479882	3286.97	7
479882	3276.93	6
479883	3283.21	1
479887	3270.61	2
479887	3269.31	4
479889	3274.47	5
479889	3280.99	3
479889	3287.24	0
479891	3286.85	7
479892	3276.87	6
479894	3283.14	1
479894	3255.42	2
479895	3269.2	4
479897	3261.57	5
479897	3253.16	3
479897	3277.97	0
479899	3286.55	7
479900	3276.87	6
479901	3260.27	1
479903	3259.71	4
479904	3254.09	2
479905	3261.51	5
479907	3251.78	3
479907	3267.8	0
479908	3286.45	7
479908	3243.83	6
479910	3260.27	1
479912	3253.92	2
479912	3258.57	4
479914	3261.43	5
479916	3251.77	3
479916	3267.7	0
479917	3247.29	7
479918	3242.55	6
479920	3260.27	1
479920	3242.67	2
479922	3243.97	5
479923	3258.52	4
479924	3250.43	3
479925	3243.84	0
479925	3247.29	7
479926	3242.55	6
479928	3243.97	1
479928	3242.49	2
479930	3243.87	5
479930	3243.8	4
479931	3250.28	3
479933	3243.7	0
479933	3246.87	7
479933	3243.9	1
479934	3243.85	5
479935	3242.46	2
479936	3243.75	4
479938	3242.59	0
479939	3250.28	3
479940	3239.66	4
479941	3243.78	1
479944	3245.57	3
479948	3244.04	3
479952	3243.24	3
