325874	0	-1
325883	5194.8	2
325885	5826	1
325888	5014.78	2
325890	5826	3
325890	5767.22	1
325893	4789.88	2
325895	5767.73	3
325899	14452.9	0
325900	5333.88	1
325902	4787.54	2
325903	5136.18	3
325906	14041.6	0
325908	5049.49	3
325908	5255.73	1
325914	13980.3	0
325915	4642.72	2
325920	4505.01	2
325921	4677.09	3
325922	13955.6	0
325925	4420.7	2
325926	4550.37	3
325929	4401.56	2
325930	4550	3
325936	4596.43	1
325937	4398.43	2
325940	4549.16	3
325943	4595.94	1
325949	4477.71	3
325949	4530.96	0
325951	4594.97	1
325958	4405.04	0
325959	4594.85	1
325963	4290.16	2
325965	4536.33	1
325967	4337.25	0
325969	4365.13	3
325972	4259.01	2
325973	4304.46	0
325974	4364.31	3
325976	4259.01	2
325978	4362.79	3
325980	4244.24	0
325980	4187.47	1
325983	4287.7	3
325985	4258.96	2
325985	4162.57	1
325987	4287.7	3
325990	4139.46	1
325992	4258.48	2
325999	4111.99	1
326003	4039.14	0
326006	4036.26	0
326008	4052.63	1
326009	4068.27	2
326011	4004.02	0
326012	4042.39	3
326013	4067.09	2
326016	3982.62	0
326019	4039.64	3
326019	4055.28	2
326021	3981.31	0
326023	4037.93	3
326026	4054.16	2
326028	3995	3
326030	4053.35	2
326032	3992.39	3
326032	3937.95	1
326040	3874.04	0
326041	3935.97	1
326046	3873.62	0
326047	3876.8	3
326048	3863.63	2
326050	3919.16	1
326051	3858.54	0
326052	3839.18	3
326057	3862.83	2
326058	3919.16	1
326059	3858.4	0
326060	3838.41	3
326064	3821.87	2
326065	3812.85	3
326067	3914.63	1
326068	3778.94	2
326070	3858.32	0
326072	3812.16	3
326078	3778.15	2
326087	3744.93	1
326093	3744.58	1
326094	3709.98	0
326097	3740.92	1
326098	3705.95	2
326099	3708.52	0
326101	3709.61	3
326103	3740.89	1
326103	3708.1	0
326106	3702.42	2
326107	3693.6	0
326108	3729.63	1
326108	3708.79	3
326112	3664.98	0
326115	3690.32	2
326116	3708.74	3
326120	3708.74	3
326121	3690	2
326124	3665.28	1
326127	3708.35	3
326128	3689.95	2
326129	3638.72	1
326133	3637.82	1
326133	3638.59	0
326137	3637.8	1
326139	3629	0
326141	3633.87	1
326141	3627.49	3
326143	3628.9	0
326145	3627.49	2
326146	3605.9	3
326148	3613.59	0
326149	3627.34	2
326151	3599.68	3
326153	3613.58	0
326155	3618.17	2
326156	3596.06	1
326157	3599.35	3
326161	3614.3	2
326164	3595.97	1
326166	3614.02	2
326167	3599.35	3
326168	3565.61	0
326172	3565.25	0
326173	3588.06	1
326180	3559.43	0
326183	3587.72	1
326184	3570.56	2
326187	3558.98	0
326189	3587.47	1
326191	3563.61	2
326192	3558.61	0
326193	3565.44	3
326194	3563.61	2
326198	3563.34	2
326201	3565.43	3
326202	3562.57	2
326205	3538.57	0
326208	3564.69	3
326209	3532.34	0
326213	3550.51	1
326214	3532.32	0
326217	3564.69	3
326218	3544.2	1
326219	3515.12	0
326221	3537.78	2
326223	3543.84	1
326224	3554.16	3
326224	3510.79	0
326227	3525.63	2
326228	3543.8	1
326232	3521.78	2
326234	3538.76	1
326237	3521.72	2
326240	3502.65	0
326240	3521.86	3
326243	3521.72	2
326244	3502.26	0
326248	3500.32	0
326249	3505.69	3
326254	3490.64	3
326254	3500.23	0
326257	3494.36	1
326259	3499.96	0
326259	3490.48	3
326260	3484.81	2
326263	3481.04	1
326264	3490.16	3
326266	3484.71	2
326267	3480.91	1
326270	3474.93	2
326271	3468.95	1
326277	3468.76	1
326277	3462.28	0
326278	3474.67	2
326279	3451.78	3
326281	3462.28	0
326282	3467.74	2
326284	3446.93	3
326285	3461.8	0
326289	3444.1	3
326290	3452.92	0
326292	3438.39	1
326295	3443.8	0
326297	3434.12	2
326298	3444.02	3
326300	3438.16	1
326301	3426.67	2
326306	3423.81	2
326307	3432.09	3
326307	3437.44	1
326309	3421.65	0
326310	3423.81	2
326314	3423.12	2
326315	3437.44	1
326317	3421.03	0
326320	3408.33	3
326322	3437.23	1
326324	3417.24	0
326328	3407.19	2
326328	3416.43	0
326330	3408.26	3
326334	3407.04	2
326336	3416.29	0
326340	3408.25	3
326343	3406.95	2
326344	3408.11	3
326347	3398.87	1
326349	3408.11	3
326350	3403.54	2
326353	3398.76	1
326354	3395.25	0
326356	3403.52	2
326361	3398.76	1
326363	3395.24	0
326364	3394.63	3
326367	3392.82	1
326370	3394.62	3
326371	3393.27	0
326373	3394.6	2
326374	3394.61	3
326376	3392.62	1
326379	3393.08	0
326380	3394.47	2
326381	3394.61	3
326385	3394.41	3
326388	3388.14	2
326388	3390.33	0
326389	3383.59	1
326396	3388.1	2
326399	3383.55	1
326402	3388.8	3
326406	3388.08	2
326406	3381.41	1
326408	3388.79	3
326410	3383.41	0
326411	3375.19	1
326412	3388.53	3
326415	3373.59	1
326417	3385.24	3
326417	3382.99	0
326421	3384.6	3
326427	3380.35	0
326428	3366.52	1
326433	3373.33	2
326436	3380.3	0
326437	3366.45	1
326439	3380.21	0
326441	3365.31	3
326441	3367.36	2
326441	3366.19	1
326446	3364.7	3
326449	3367.19	2
326450	3359.42	3
326451	3366.19	1
326454	3359.24	3
326454	3366.98	2
326457	3366.22	0
326459	3365.74	1
326459	3365.81	2
326459	3359.13	3
326466	3364.68	0
326471	3362.99	0
326472	3349	2
326472	3348.94	3
326476	3349	2
326477	3346.28	3
326478	3353.69	1
326478	3360.49	0
326480	3348.61	2
326482	3346.13	3
326484	3350.14	1
326485	3360.28	0
326486	3344.75	2
326488	3342.02	3
326490	3344.75	2
326493	3350.05	1
326495	3342.02	3
326499	3337.92	0
326501	3346.83	1
326503	3337.92	0
326503	3337.55	2
326507	3332.76	2
326508	3336.09	0
326509	3346.77	1
326512	3330.32	2
326512	3333.5	0
326516	3330.27	2
326517	3332.11	0
326520	3329.58	2
326521	3336.88	3
326530	3335.12	3
326530	3320.7	0
326532	3324.28	1
326533	3317.87	2
326534	3335.05	3
326534	3320.52	0
326538	3320.52	0
326539	3322.49	1
326543	3333.68	3
326544	3320.42	0
326547	3322.43	1
326548	3320.05	0
326552	3333.63	3
326556	3320.73	1
326561	3313.06	0
326564	3320.69	1
326573	3313.05	3
326579	3311.5	1
326583	3307.44	1
326587	3303.5	1
326591	3303.43	1
326596	3301.95	1
326608	3301.89	1
