321808	0	-1
321818	5194.8	2
321823	5014.78	2
321825	5826	1
321825	5826	3
321826	14452.9	0
321827	4983.6	2
321832	5767.73	3
321832	5560.25	1
321835	4981.82	2
321835	7828.27	0
321838	5136.18	3
321840	7720.19	0
321842	5453.46	1
321843	4940.85	2
321844	5054.86	3
321847	7465.39	0
321851	5279.5	1
321852	4736.09	2
321852	4764.5	3
321856	4947.55	0
321859	4574.83	1
321860	4623.06	2
321861	4546.82	3
321864	4921.42	0
321865	4574.76	1
321869	4620.87	2
321869	4904.95	0
321870	4485.61	1
321872	4545.19	3
321877	4549.19	2
321878	4484.7	1
321878	4798.89	0
321879	4441.8	3
321882	4337.04	2
321883	4439.15	1
321884	4396.46	0
321887	4401.73	3
321887	4336.09	2
321888	4149.46	1
321892	4151.61	3
321892	4079.64	1
321893	4183.11	0
321894	4335.89	2
321896	4149.18	3
321899	4298.03	2
321900	4149.18	3
321900	4054.24	1
321902	4100.9	0
321904	4297.35	2
321906	4028.2	1
321907	4122.98	3
321911	4038.16	0
321912	4029.84	2
321914	4026.93	1
321916	4081.11	3
321918	4038.16	0
321920	4029.84	2
321922	3894.58	1
321924	3888.26	3
321925	4033.77	0
321925	4029.84	2
321927	3893.8	1
321928	3887.78	3
321929	4028.06	2
321931	3823.72	0
321932	3887.51	3
321934	3850.52	1
321935	4027.68	2
321938	3822.9	0
321939	3821.6	2
321940	3836.5	1
321941	3886.91	3
321943	3808.1	0
321944	3782.22	2
321947	3808.1	0
321948	3781.64	2
321949	3836	1
321949	3882.57	3
321952	3766.73	0
321952	3778.7	2
321955	3760.59	3
321955	3764.16	1
321959	3725.18	1
321959	3710.09	3
321960	3736.24	0
321964	3778.12	2
321967	3709.76	3
321967	3735.53	0
321968	3724.48	1
321971	3733.12	2
321972	3705.91	3
321972	3734.43	0
321974	3724.19	1
321975	3729.76	2
321976	3705.52	3
321976	3733.89	0
321979	3714.17	1
321980	3676.65	3
321980	3716.4	2
321981	3720.54	0
321983	3667.86	1
321986	3711.73	2
321986	3653.97	3
321987	3701.5	0
321990	3667.67	1
321993	3701.13	0
321994	3711.41	2
321995	3651.42	1
321995	3653.84	3
321997	3701.13	0
321999	3649.6	1
322001	3697.34	0
322002	3601.39	2
322003	3647	3
322003	3647.56	1
322005	3664.62	0
322006	3582.53	2
322007	3645.2	3
322008	3583.43	1
322010	3572.51	0
322011	3574.83	2
322011	3570.06	3
322012	3582.55	1
322016	3563.42	0
322017	3582.55	1
322020	3569.67	3
322021	3574.48	2
322023	3582.24	1
322023	3563.2	0
322027	3561.21	3
322028	3573.87	2
322029	3563.2	0
322031	3560.88	3
322032	3576.31	1
322033	3563.06	0
322037	3536.16	2
322039	3551.65	1
322040	3553.14	3
322041	3541.49	0
322042	3536.04	2
322043	3549.6	1
322046	3535.1	2
322047	3549.48	1
322048	3531.73	3
322048	3541.41	0
322050	3535.1	2
322052	3543.48	1
322052	3531.3	3
322054	3541.36	0
322055	3529.27	2
322057	3525.47	1
322059	3505.55	2
322060	3507.87	3
322061	3500.18	1
322062	3541.06	0
322065	3500.93	2
322066	3500.09	1
322068	3489.19	3
322071	3535.02	0
322072	3495.72	2
322074	3500.07	1
322075	3476.3	0
322076	3494.98	2
322079	3489.03	3
322080	3474.25	0
322081	3483.66	1
322085	3450.98	3
322086	3494.84	2
322086	3483.61	1
322089	3456.66	0
322089	3450.62	3
322090	3437.27	1
322093	3461.47	2
322095	3456.42	0
322096	3437.17	1
322097	3460.88	2
322097	3433.14	3
322101	3423.69	1
322102	3445.75	0
322102	3460.88	2
322103	3433.04	3
322105	3422.99	1
322106	3409.06	0
322107	3446.16	2
322108	3429.74	3
322110	3422.51	1
322112	3405.46	0
322112	3406.57	3
322112	3435.5	2
322115	3390.05	1
322117	3398.18	2
322118	3399.26	3
322122	3405.27	0
322122	3391.35	2
322122	3393.27	3
322123	3389.77	1
322129	3404.99	0
322129	3393.2	3
322130	3389.77	1
322130	3388.77	2
322133	3403.65	0
322134	3388.57	1
322137	3392.58	3
322138	3373.75	0
322139	3388.47	1
322140	3385.81	2
322142	3373.74	0
322145	3371	1
322147	3371.01	3
322149	3385.68	2
322152	3373.63	0
322152	3370.9	3
322153	3356.39	2
322155	3370.95	1
322157	3368.6	3
322159	3373.5	0
322160	3356.18	2
322163	3370.92	1
322164	3373.29	0
322165	3368.59	3
322166	3356.06	2
322170	3355.97	0
322171	3364.13	1
322173	3368.59	3
322173	3356.06	2
322174	3355.8	0
322177	3356.05	2
322178	3355.65	0
322178	3364.13	1
322181	3353.07	3
322184	3355.71	2
322184	3355.58	0
322186	3350.12	3
322186	3353.07	1
322190	3349.46	2
322190	3349.89	3
322191	3355.27	0
322196	3353.06	1
322199	3349.05	0
322201	3347.84	3
322201	3349.44	2
322202	3353.05	1
322203	3341.02	0
322206	3352.26	1
322208	3339.78	0
322209	3347.79	3
322209	3349.39	2
322210	3352.08	1
322214	3338.4	0
322214	3349.35	2
322217	3347.11	3
322219	3331.78	1
322219	3340.43	2
322220	3338.35	0
322223	3339.98	2
322224	3325.8	0
322226	3341.37	3
322226	3331.73	1
322228	3339.76	2
322229	3325.66	0
322232	3327.49	1
322232	3339.56	2
322234	3341.35	3
322236	3327.37	1
322237	3325.6	0
322237	3339.56	2
322241	3325.29	1
322241	3329.49	2
322241	3341.1	3
322246	3323.55	0
322247	3324.72	1
322247	3340.84	3
322249	3327.46	2
322251	3322.23	0
322251	3329.24	3
322253	3324.62	1
322255	3327.34	2
322256	3315.74	0
322256	3325.05	3
322261	3324.57	1
322261	3311.13	0
322263	3325.03	3
322264	3321.91	2
322265	3309.3	0
322267	3319.35	3
322269	3324.57	1
322270	3309.21	0
322271	3321.91	2
322272	3317.35	3
322274	3307.58	0
322276	3297.36	3
322277	3319.51	1
322278	3307.39	0
322279	3313.35	2
322281	3295.69	3
322282	3307.37	0
322284	3305.64	1
322285	3295.46	3
322287	3305.96	0
322288	3311.64	2
322289	3295.46	3
322292	3305.55	1
322292	3304.39	0
322294	3295.46	3
322297	3304.39	0
322298	3291.36	3
322298	3310.1	2
322301	3305.51	1
322302	3288.82	0
322306	3304.28	1
322306	3310.1	2
322308	3291.31	3
322311	3304.14	1
322313	3306.65	2
322314	3282.33	1
322316	3281.77	3
322321	3285.37	2
322322	3281.77	3
322327	3280.7	3
322331	3272.54	3
