322331	0	-1
322341	5194.8	3
322343	5826	2
322343	5826	0
322347	5014.78	3
322348	5767.22	2
322348	5560.25	0
322351	14452.9	1
322354	4969.55	3
322356	4942.16	0
322356	5333.88	2
322358	5187.22	1
322362	5254.79	2
322362	4891.94	3
322363	4931.59	1
322365	4849.75	0
322367	5025.93	2
322367	4814.15	1
322371	4692.12	3
322371	4971.92	2
322372	4808.84	1
322374	4711.52	0
322378	4587.72	2
322379	4622.13	0
322380	4689.86	3
322380	4804.3	1
322382	4586.37	2
322383	4539.76	0
322386	4396.83	2
322388	4486.27	0
322388	4679.6	3
322389	4721.49	1
322392	4354.82	2
322394	4714.72	1
322395	4379.85	0
322397	4354.2	2
322398	4625.72	3
322403	4225.34	1
322404	4324.01	0
322405	4353.39	2
322406	4204.36	3
322411	4224.39	1
322412	4281.22	0
322413	4204.02	3
322414	4320.21	2
322419	4215.74	1
322419	4238.92	0
322420	4174.77	3
322423	4245.09	2
322424	4174.77	3
322425	4137.96	0
322427	4214.84	1
322428	4172.6	3
322429	4134.94	0
322429	4242.33	2
322433	4139.88	3
322433	4132.75	0
322434	4213.15	1
322437	4139.81	3
322437	4128.62	0
322439	4143.44	2
322443	4212.24	1
322443	4138.65	3
322444	4119.76	2
322447	4097.24	0
322448	4138.6	3
322449	3899.39	2
322452	4137.62	1
322452	3964.46	3
322453	3899.39	2
322456	3917.05	0
322456	3949.65	3
322458	3846.58	2
322460	4137.41	1
322463	3912.61	0
322464	3807.82	2
322467	3949.01	3
322470	4083.19	1
322470	3911.39	0
322472	3807.11	2
322474	3949.01	3
322475	3757.94	1
322475	3904.72	0
322477	3805.92	2
322479	3948.99	3
322481	3805.86	2
322483	3751.02	1
322483	3903.72	0
322485	3928.97	3
322486	3788.47	2
322490	3843.3	0
322490	3928.79	3
322492	3737.93	1
322495	3842.78	0
322496	3788.19	2
322497	3737.38	1
322499	3928.43	3
322500	3797.98	0
322501	3737.31	1
322504	3721.63	2
322504	3784.18	0
322505	3728.36	1
322507	3927.2	3
322509	3740.25	0
322509	3721.56	2
322512	3658.54	3
322513	3708.03	0
322513	3702.56	1
322516	3721.41	2
322517	3707.3	0
322519	3647.96	3
322521	3689.59	1
322524	3702.43	0
322526	3721.21	2
322526	3647.75	3
322530	3647.75	3
322531	3710.44	2
322531	3689.26	1
322533	3702.07	0
322539	3639.93	3
322539	3573.9	1
322540	3710.39	2
322540	3701.64	0
322545	3701.64	0
322545	3566.48	1
322547	3639.16	3
322549	3701.54	0
322549	3566.46	1
322549	3710.32	2
322553	3701.32	0
322554	3559.72	1
322554	3639.16	3
322557	3709.41	2
322558	3577.15	0
322559	3559.52	1
322562	3554.09	0
322563	3559.14	1
322564	3629.82	3
322565	3679.06	2
322568	3546.93	0
322568	3540.18	1
322573	3629.59	3
322573	3541.54	2
322577	3540.31	0
322577	3534.8	1
322582	3511.77	3
322583	3541.36	2
322586	3524.98	1
322587	3540.01	0
322590	3539.05	2
322590	3491.8	3
322594	3506.32	1
322596	3540.01	0
322599	3521.33	2
322600	3491.65	3
322602	3505.97	1
322604	3521.06	2
322605	3520.08	0
322605	3491.65	3
322609	3503.21	2
322610	3504.61	1
322610	3490.92	3
322612	3502.35	0
322614	3503.1	2
322617	3497.44	0
322618	3497.65	1
322618	3502.78	2
322619	3480.6	3
322622	3464.48	0
322624	3478.5	2
322626	3451.42	0
322627	3492.05	1
322628	3446.84	2
322628	3480.56	3
322632	3471.11	1
322632	3432.14	2
322633	3451.09	0
322636	3431.54	2
322636	3480.45	3
322637	3466.59	1
322640	3430.13	2
322641	3466.25	1
322641	3451.09	0
322644	3479.64	3
322645	3450.85	0
322646	3466	1
322649	3450.48	0
322649	3425.31	2
322651	3444.02	1
322653	3444.15	3
322657	3450.24	0
322658	3443.99	3
322661	3444	1
322662	3443.79	3
322662	3424.98	2
322663	3446.04	0
322667	3424.77	2
322668	3444	1
322670	3443.7	3
322671	3446	0
322676	3416.43	2
322676	3443.98	1
322680	3372.28	0
322680	3443.69	3
322683	3443.79	1
322684	3415.56	2
322687	3372.05	0
322687	3443.31	3
322689	3351.44	2
322690	3443.79	1
322692	3423.49	3
322693	3369.97	0
322695	3351.19	2
322697	3443.67	1
322702	3423.43	3
322702	3348.97	2
322703	3369.92	0
322704	3443.66	1
322706	3348.95	2
322708	3443.66	1
322710	3411.57	3
322711	3369.74	0
322712	3346.04	2
322712	3348.89	1
322717	3342.96	2
322717	3348.84	1
322718	3352.85	3
322719	3369.74	0
322723	3337.16	1
322724	3342.88	2
322726	3352.7	3
322727	3369.72	0
322729	3336.9	1
322731	3342.68	2
322732	3352.66	3
322733	3336.83	1
322736	3357.99	0
322736	3342.68	2
322738	3336.76	1
322739	3352.29	3
322740	3321.94	2
322742	3357.95	0
322745	3320.33	2
322745	3322.22	0
322746	3334.06	1
322748	3349.42	3
322749	3320.11	2
322750	3319.7	0
322753	3334.05	1
322754	3349.09	3
322754	3311.54	2
322760	3319.66	0
322762	3322.5	1
322763	3338.93	3
322764	3311.45	2
322767	3319.66	0
322769	3293.37	1
322770	3338.7	3
322772	3305.16	2
322775	3317.43	0
322777	3293.02	1
322778	3336.86	3
322779	3299.16	2
322781	3315.34	0
322782	3291.63	1
322782	3297.72	3
322783	3299.06	2
322786	3313.39	0
322787	3291.24	1
322787	3299.06	2
322787	3295.67	3
322790	3313.07	0
322791	3281.66	2
322792	3289.96	1
322793	3293.95	3
322796	3313.07	0
322798	3289.89	1
322798	3281.59	2
322800	3290.16	0
322801	3293.89	3
322803	3280.47	2
322804	3289.87	0
322806	3289.89	1
322808	3274.41	2
322808	3289.84	0
322809	3288.08	3
322812	3274.33	2
322813	3288.56	1
322814	3288.74	0
322815	3288.06	3
322818	3274.16	2
322819	3287.3	1
322821	3286.39	3
322824	3288.7	0
322825	3266.12	1
322825	3270.75	2
322829	3265.89	1
322830	3270.62	2
322831	3286.37	3
322832	3281.74	0
322835	3265.81	1
322835	3286.37	3
322838	3270.57	2
322839	3265.69	1
322839	3281.74	0
322839	3251.7	3
322844	3251.37	3
322844	3263.98	1
322845	3281.71	0
322848	3263.83	1
322848	3250.37	3
322849	3277.45	0
322852	3263.82	1
322852	3250.37	3
322856	3258.53	1
322856	3250.34	3
322860	3245.55	3
322861	3256.67	1
322865	3245.48	3
322869	3244.32	3
322873	3244.02	3
