325276	0	-1
325287	5194.8	0
325289	5826	1
325292	5014.78	0
325294	5767.22	1
325294	5826	3
325297	4789.88	0
325299	5729.27	1
325302	14452.9	2
325305	5359.01	3
325306	5116.92	1
325306	4787.54	0
325307	14042.4	2
325310	5265.62	3
325314	13726.9	2
325315	5111.89	1
325315	5046.14	3
325317	4736.86	0
325320	4872.97	1
325321	13629.8	2
325322	4634.46	0
325324	4742.55	1
325326	4633.38	0
325331	4741.56	1
325332	4491.47	3
325334	4631.38	0
325338	5025.2	2
325340	4489.94	3
325341	4740.71	1
325342	4559.34	0
325347	5024.04	2
325348	4372.42	3
325356	4855.28	2
325357	4319.58	3
325358	4310.73	1
325358	4344.45	0
325363	4287.69	3
325363	4272.95	1
325365	4802.02	2
325367	4343.64	0
325367	4271.38	1
325372	4151.34	3
325373	4243.33	1
325374	4661.93	2
325375	4342.48	0
325376	4089.29	3
325378	4209.92	1
325380	4089.21	3
325383	4342.48	0
325385	4058.53	3
325386	3981.12	1
325389	4012.6	3
325390	4106.07	2
325390	3979.69	1
325392	4301.45	0
325394	3968.78	1
325396	4069.82	2
325398	3914.64	3
325398	3967.62	1
325400	4068.6	2
325402	3914.11	3
325403	3947.3	0
325405	4067.14	2
325406	3913.77	3
325407	3966.17	1
325409	4066.53	2
325410	3904.92	3
325411	3894.85	0
325417	3894.25	0
325418	3903.31	3
325419	3869.44	2
325422	3876.16	0
325423	3853.19	2
325424	3908.71	1
325427	3842.25	0
325428	3852.7	2
325431	3851.96	2
325432	3908.41	1
325433	3821.15	3
325436	3851.36	2
325436	3771.14	0
325439	3854.41	1
325439	3817.9	3
325442	3770.81	0
325444	3783.73	3
325447	3809.55	1
325449	3770	0
325451	3796.44	2
325451	3783.41	3
325456	3809.02	1
325456	3765.33	0
325457	3794.75	2
325457	3783.39	3
325461	3794.59	2
325461	3764.91	0
325465	3758.86	3
325468	3708.89	1
325468	3794.28	2
325469	3735.17	0
325470	3746.74	3
325474	3746.22	3
325474	3697.04	0
325477	3698.48	1
325478	3778.73	2
325480	3696.65	0
325482	3746.11	3
325484	3698.29	1
325486	3722.02	3
325488	3672.62	2
325489	3696.53	0
325492	3697.67	1
325492	3672.55	2
325495	3685.03	0
325495	3644.54	3
325496	3672.2	2
325497	3691.21	1
325500	3625.69	3
325504	3622.22	0
325504	3625.46	3
325505	3644.83	2
325508	3625.46	3
325509	3615.33	0
325511	3638.6	1
325514	3611.55	0
325515	3635.09	2
325517	3638.6	1
325518	3625.3	3
325521	3611.23	0
325524	3638.52	1
325524	3583.88	2
325526	3604.33	0
325528	3638.3	1
325528	3556.95	3
325530	3577.72	2
325533	3638.28	1
325534	3577.72	2
325536	3556.57	3
325540	3571.58	2
325541	3571.17	0
325542	3556.76	1
325544	3571.58	2
325545	3556.29	3
325546	3556.3	1
325547	3571.13	0
325550	3552.21	1
325552	3563.69	0
325553	3556.25	3
325556	3550.36	1
325557	3563.55	0
325557	3539.31	2
325559	3549.12	3
325561	3548.83	0
325564	3529.29	1
325565	3539	2
325567	3525.79	3
325569	3514.74	0
325570	3533.62	2
325572	3505.96	3
325574	3514.61	0
325575	3510.01	1
325579	3501.9	3
325580	3528.89	2
325581	3514.59	0
325583	3501.16	3
325586	3509.83	1
325586	3512.35	0
325589	3510.14	2
325590	3501.06	3
325592	3512.32	0
325594	3497.05	1
325598	3467.92	3
325600	3477.26	0
325602	3496.58	1
325603	3452.69	3
325605	3467.98	2
325605	3476.98	0
325607	3452.49	3
325610	3464.04	0
325612	3496.53	1
325613	3457.57	2
325613	3452.49	3
325619	3464	0
325620	3457.57	2
325621	3441.8	3
325627	3445.4	1
325628	3457.2	2
325628	3459.18	0
325636	3445.85	2
325636	3442.16	1
325637	3427.89	3
325642	3442.08	1
325644	3433.49	0
325645	3421.34	3
325645	3415.44	2
325646	3442.08	1
325648	3426.03	0
325649	3415.19	2
325649	3416.71	3
325651	3438.89	1
325652	3426.03	0
325653	3415.19	2
325654	3415.43	3
325657	3415.19	2
325660	3425.43	0
325660	3412.89	3
325662	3399.81	1
325664	3425.2	0
325666	3399.81	1
325666	3415.04	2
325673	3394.68	0
325676	3396.43	3
325676	3399.61	1
325678	3394.55	2
325680	3394.47	0
325683	3391.7	2
325684	3394.47	0
325685	3399.48	1
325686	3396.17	3
325690	3394.44	0
325691	3391.58	2
325692	3396.15	3
325693	3399.48	1
325696	3387.31	0
325698	3396.15	3
325699	3391.58	2
325702	3395.9	3
325706	3379.29	0
325707	3391.58	2
325708	3388.78	1
325710	3379.26	0
325714	3388.62	1
325716	3385.89	3
325717	3379.22	0
325718	3379.13	2
325720	3386.43	1
325721	3378.96	0
325724	3376.19	3
325727	3379.08	2
325727	3386.41	1
325731	3374.37	3
325731	3378.95	0
325733	3379.05	2
325734	3381.62	1
325735	3373.63	3
325737	3379.05	2
325738	3373.63	3
325739	3368.34	0
325742	3377.16	2
325742	3363.78	1
325743	3368.03	0
325747	3363.23	3
325749	3361.59	1
325749	3367.99	0
325752	3362.09	2
325754	3363.17	3
325757	3367.99	0
325757	3355.34	1
325760	3362.09	2
325762	3363.16	3
325764	3355.27	1
325764	3367.87	0
325764	3354.84	2
325766	3362.97	3
325769	3355.27	1
325769	3354.84	2
325771	3362.97	3
325773	3353.14	0
325775	3354.84	2
325777	3351.35	0
325779	3354.03	3
325779	3354.03	1
325782	3349.06	0
325783	3348.34	2
325783	3354.03	1
325784	3351.52	3
325787	3348.25	2
325787	3353.94	1
325788	3346.41	0
325789	3345.56	3
325794	3348.23	2
325794	3349.52	1
325795	3341.47	0
325795	3345.54	3
325798	3348.23	2
325798	3349.52	1
325801	3341.27	3
325802	3347.79	2
325806	3336.19	1
325807	3329.87	0
325810	3325.85	2
325810	3336.1	1
325814	3323.66	2
325815	3334.8	1
325817	3328.24	0
325817	3332.81	3
325819	3322.38	2
325819	3334.75	1
325823	3334.75	1
325823	3321.05	2
325825	3332.25	3
325826	3326.88	0
325827	3320.99	2
325830	3320.77	1
325834	3329.89	3
325835	3320.77	1
325835	3325.22	0
325838	3314.43	2
325841	3320.7	1
325841	3329.87	3
325842	3313.72	2
325842	3325.14	0
325845	3329.81	3
325846	3319.52	1
325847	3310.45	2
325850	3316.71	0
325853	3311.51	3
325854	3316.73	1
325854	3309.53	2
325863	3307.97	2
325869	3311.75	1
325874	3305.04	2
