470836	0	-1
470854	4986.95	0
470855	5186.4	1
470869	4681.03	0
470870	5155.49	1
470884	4493.01	0
470885	4479.36	1
470901	4446.92	0
470902	4315.01	1
470916	4429.46	0
470918	4216.99	1
470930	4272.92	0
470932	4183.14	1
470945	4257.95	0
470946	4114.12	1
470962	4079.72	1
470962	4130.46	0
470975	4070.15	1
470976	3995.95	0
470988	4061.28	1
470993	3980.64	0
471006	4035.83	1
471011	3919.84	0
471019	3949.93	1
471026	3891.62	0
471036	3878.96	1
471040	3858.3	0
471050	3857.6	1
471054	3831.47	0
471064	3797.61	1
471067	3776.93	0
471078	3757.66	1
471082	3737.7	0
471092	3742.65	1
471095	3724.18	0
471105	3698.26	1
471109	3686.07	0
471121	3661.17	1
471123	3657.59	0
471136	3651.97	1
471140	3629.53	0
471148	3621.7	1
471153	3599.43	0
471171	3590.39	1
471178	3590.42	0
471189	3569.87	1
471191	3587.71	0
471202	3546.28	1
471206	3543.88	0
471231	3519.43	1
471233	3536.44	0
471248	3501.69	1
471250	3520.82	0
471261	3493.01	1
471263	3480.3	0
471275	3491.82	1
471277	3478.73	0
471289	3481.96	1
471291	3451.29	0
471302	3468.91	1
471304	3445.9	0
