306651	0	-1
306666	5194.8	1
306668	5826	3
306669	5826	0
306669	14452.9	2
306674	5014.78	1
306675	5767.22	3
306677	5560.25	0
306681	14160.9	2
306682	4879.43	1
306686	5148.43	3
306687	4790.88	1
306687	4942.16	0
306688	13818.6	2
306689	5135.61	4
306692	4593.98	1
306695	5060.29	3
306696	4785.27	0
306696	13758.7	2
306698	4489.85	1
306701	4828.4	3
306701	4767	0
306705	4486.64	1
306709	12936.4	2
306711	4753.61	0
306711	4467.45	4
306712	4827.87	3
306714	4407.88	1
306717	4668.58	0
306720	4827.3	3
306720	7526.52	2
306723	4358.18	1
306724	4611.92	0
306727	7433.1	2
306729	4681.41	3
306729	4611.1	0
306729	4351.59	1
306730	4259.33	4
306733	7165.54	2
306734	4583.54	3
306735	4303.65	1
306738	4510.33	0
306738	4568.62	3
306739	7104.15	2
306740	4302.55	1
306743	4463.51	0
306744	6983.69	2
306745	4045.27	4
306746	4288.86	1
306747	4517.2	3
306751	4511.77	3
306752	6980.4	2
306752	4364.83	0
306754	4287.5	1
306757	4510.28	3
306759	4243.22	1
306760	4362.43	0
306763	5068.24	2
306765	3939.08	4
306765	4379.7	3
306767	4358.56	0
306768	4155.05	1
306772	4376.93	3
306772	4598.5	2
306773	4321.32	0
306775	4128.78	1
306777	4290.92	3
306779	4321.13	0
306782	3862.44	4
306782	4542.99	2
306783	4289.76	3
306783	4128.55	1
306787	4234.22	0
306790	4075.97	1
306790	4521.42	2
306793	4289.24	3
306797	4172.91	0
306797	4074.5	1
306800	4463.3	2
306802	4289.23	3
306803	4153.41	0
306803	4068.88	1
306806	3778.23	4
306806	4270.61	3
306807	4463.17	2
306807	4142.09	0
306809	4066.15	1
306813	4236.29	3
306813	4403.94	2
306814	4029.3	1
306815	4111.84	0
306820	4029.15	1
306821	4403.29	2
306822	4236.24	3
306824	3703.13	4
306825	4109.4	0
306826	4028.26	1
306827	4288.98	2
306828	4235.83	3
306831	4253.55	2
306831	4108.31	0
306832	4009.41	1
306834	4235.83	3
306837	4008.47	1
306838	4189.11	2
306838	4062.11	0
306840	4203.52	3
306841	3649.76	4
306843	4008.47	1
306845	4153.16	2
306848	4061.6	0
306850	4180.2	3
306851	4008.3	1
306852	4151.4	2
306855	4061.58	0
306857	4156.14	3
306858	3993.88	1
306860	4117.24	2
306860	4061.52	0
306864	3599.12	4
306865	3991.98	1
306865	4146.95	3
306865	4061.52	0
306869	4090.61	2
306869	4061.51	0
306872	3990.92	1
306873	4146.25	3
306873	4059.24	0
306877	4087.34	2
306879	4059.24	0
306880	4145.35	3
306881	3973.47	1
306884	4010.77	0
306885	4064.34	2
306886	3972.46	1
306887	4084.03	3
306888	3570.52	4
306889	3990.08	0
306891	3972.26	1
306892	3992.01	2
306897	4061.96	3
306899	3972	1
306899	3972.13	0
306903	3991.16	2
306906	3940.62	1
306907	4036.46	3
306908	3962.57	0
306911	3515.62	4
306912	3991.14	2
306914	3961.26	0
306915	3908.13	1
306917	4035.16	3
306920	3935.98	2
306920	3960.82	0
306921	4032.66	3
306923	3907.58	1
306927	3880.25	2
306927	3925.7	0
306928	4032.53	3
306929	3907.58	1
306931	3496.59	4
306932	3878.62	2
306933	3901.18	0
306934	3895.67	1
306936	4013.83	3
306940	3863.23	2
306940	3864.48	0
306943	3953.13	3
306944	3895.56	1
306946	3862.45	2
306948	3835.19	0
306948	3894.24	1
306949	3917.98	3
306950	3443.09	4
306952	3847.76	2
306954	3908.42	3
306955	3894.23	1
306955	3828.33	0
306958	3839.16	2
306962	3908.23	3
306963	3835.44	2
306963	3879.9	1
306966	3827.6	0
306971	3908.2	3
306973	3827.54	0
306974	3413.04	4
306974	3879.77	1
306975	3834.84	2
306978	3907.06	3
306980	3879.77	1
306981	3813.43	0
306984	3834.54	2
306986	3906.37	3
306986	3879.77	1
306989	3813.37	0
306990	3805.95	2
306993	3408.1	4
306993	3906.31	3
306993	3879.75	1
306994	3805.91	2
306998	3801.24	0
306999	3906	3
307000	3878.67	1
307004	3805.73	2
307005	3789.11	0
307007	3877.82	3
307008	3857.49	1
307010	3804.13	2
307014	3788.81	0
307018	3804.1	2
307019	3877.58	3
307019	3844.56	1
307019	3394.82	4
307021	3741.47	0
307023	3802.14	2
307024	3844.55	1
307025	3877.21	3
307027	3730.16	0
307032	3796.65	2
307033	3877.16	3
307033	3830.29	1
307037	3729.86	0
307037	3760.3	2
307037	3877.04	3
307040	3389.8	4
307040	3830.29	1
307043	3729.31	0
307043	3757.52	2
307047	3877.04	3
307048	3727.08	0
307049	3757.46	2
307049	3792.81	1
307051	3871.54	3
307053	3727.05	0
307055	3754.34	2
307055	3783.69	1
307057	3367.42	4
307058	3712.3	0
307059	3856.3	3
307060	3754.01	2
307061	3771.7	1
307063	3704.73	0
307065	3855.23	3
307068	3675.9	0
307070	3732.42	2
307072	3770.57	1
307074	3829.79	3
307076	3732.42	2
307076	3675.2	0
307078	3752.31	1
307079	3356.68	4
307082	3800.11	3
307083	3730.73	2
307083	3675.31	0
307086	3742.95	1
307089	3777.39	3
307091	3721.4	2
307091	3666.66	0
307091	3741.94	1
307096	3718.95	2
307097	3656.32	0
307098	3764.89	3
307099	3741.66	1
307101	3718.74	2
307103	3328.48	4
307104	3648.35	0
307106	3741.15	1
307107	3754.3	3
307110	3718.42	2
307111	3645.81	0
307112	3754.2	3
307113	3741.07	1
307116	3709.12	2
307116	3645.8	0
307119	3710.55	1
307119	3729.99	3
307120	3709.12	2
307122	3636.62	0
307123	3318.69	4
307126	3710.45	1
307128	3636.16	0
