309581	0	-1
309608	4876.21	2
309613	5789.42	1
309616	5178.72	0
309622	13759.8	3
309633	4527.48	2
309635	5303.67	1
309637	4839.41	4
309640	4915.69	0
309644	4988.22	3
309658	4322.57	2
309660	5152.85	1
309660	4344.01	4
309663	4685.52	0
309673	4669.51	3
309683	4493.84	0
309685	4106.91	4
309685	4169.53	2
309690	4817.3	1
309703	4563.83	3
309707	3946.9	4
309709	4490.98	0
309711	4123.97	2
309713	4377.91	1
309723	3802.12	4
309729	4451.57	3
309734	4083.18	2
309735	4386.42	0
309738	4125.41	1
309742	3770.94	4
309755	4323.02	3
309755	4061.18	1
309758	4312.43	0
309758	3706.19	4
309761	4057.58	2
309775	3665.21	4
309776	4278.32	3
309777	3991.39	1
309780	4244.13	0
309781	4001.28	2
309798	3643.3	4
309801	4197.92	3
309806	4192.69	0
309808	3936.04	1
309813	4000.14	2
309823	3605.82	4
309826	4145.4	3
309829	4179.39	0
309832	3916.85	1
309833	3995.51	2
309843	3569.53	4
309845	4120.61	3
309855	4091.03	0
309856	3926.29	2
309859	3851.8	1
309865	3556.4	4
309874	4097.18	3
309875	3884.66	2
309881	3820.07	1
309883	3504.11	4
309886	4007.8	0
309898	3845.42	2
309901	4033.36	3
309902	3487.36	4
309904	3788.04	1
309913	3926.22	0
309918	3457.01	4
309923	3824.02	2
309927	3957.58	3
309934	3776.97	1
309937	3915.24	0
309942	3421.98	4
309948	3807.61	2
309953	3953.9	3
309959	3762.77	1
309959	3914.26	0
309961	3416.75	4
309971	3789.5	2
309983	3919.65	3
309984	3409.64	4
309986	3887.09	0
309988	3750.87	1
309999	3783.55	2
310005	3404.43	4
310007	3746.76	1
310009	3876.37	3
310010	3869.57	0
310022	3768.51	2
310027	3391.75	4
310030	3868.04	0
310032	3704.67	1
310034	3839.61	3
310041	3767.7	2
310047	3379.61	4
310052	3837.98	0
310053	3688.53	1
310056	3813.37	3
310063	3716	2
310067	3366.69	4
310071	3806.52	0
310073	3666.09	1
310080	3773.53	3
310085	3699.51	2
310090	3343.98	4
310090	3791.99	0
310094	3654.11	1
310108	3335.57	4
310109	3772.93	3
310111	3688.31	2
310118	3737.19	0
310122	3639.58	1
310131	3328.68	4
310132	3763.46	3
310137	3657.09	2
310138	3711.4	0
310141	3627.38	1
310150	3312.54	4
310153	3755.31	3
310159	3702.39	0
310162	3625.9	2
310164	3594.21	1
310169	3307.67	4
310171	3715.65	3
310186	3695.8	3
310186	3689.71	0
310187	3624.69	2
310192	3552.1	1
310193	3284.75	4
310202	3623.97	2
310209	3669.35	0
310210	3275.07	4
310212	3685.83	3
310215	3546.05	1
310226	3623.94	2
310228	3272.2	4
310232	3628.53	0
310234	3539.73	1
310237	3669.02	3
310244	3623.67	2
310249	3269.67	4
310251	3530.6	1
310256	3628.28	0
310260	3659.63	3
310271	3260.8	4
310272	3613.75	2
310275	3529.07	1
310277	3608.03	0
310288	3598.16	2
310289	3652.24	3
310290	3258.06	4
310292	3605.5	0
310298	3520.98	1
310309	3597.85	0
310315	3580.55	2
310316	3651.67	3
310316	3251.23	4
310324	3520.36	1
310331	3597.65	0
310334	3246.3	4
310335	3636.35	3
310338	3544.09	2
310348	3594.23	0
310349	3500.75	1
310354	3240.06	4
310355	3530.12	2
310363	3636.36	3
310371	3578.03	0
310375	3497.09	1
310375	3233.98	4
310381	3523.52	2
310389	3230.21	4
310395	3628.53	3
310398	3495.64	1
310401	3577.48	0
310405	3517.36	2
310411	3228.79	4
310415	3625.74	3
310415	3495.29	1
310423	3548.17	0
310424	3510.49	2
310429	3226.17	4
310433	3486.76	1
310439	3618.2	3
310445	3538.76	0
310446	3220.23	4
310449	3495.28	2
310456	3485.55	1
310467	3593.39	3
310471	3213.7	4
310471	3537.32	0
310473	3486.17	2
310481	3485.55	1
310488	3210.43	4
310489	3584.44	3
310492	3513.52	0
310499	3484.97	1
310499	3468.67	2
310509	3509.14	0
310510	3209.17	4
310520	3576.98	3
310524	3465.58	2
310526	3484.94	1
310531	3201.04	4
310534	3492.58	0
310537	3569.34	3
310548	3480.83	1
310549	3446.54	2
310552	3487.5	0
310553	3567.58	3
310554	3199.59	4
310568	3469.25	1
310571	3567.1	3
310574	3429.14	2
310577	3192.47	4
310578	3471.03	0
310590	3468.49	1
310593	3543.43	3
310598	3411.62	2
310602	3188.86	4
310606	3470.59	0
310612	3543.03	3
310619	3457.88	1
310623	3180.85	4
310624	3460.1	0
310627	3406.02	2
310631	3542.18	3
310640	3178.47	4
310647	3453.17	1
310651	3404.61	2
310651	3456.58	0
310654	3540.73	3
310655	3177.23	4
310668	3438.92	1
310669	3403.55	2
310670	3443.68	0
310678	3523.48	3
310679	3175.82	4
310685	3403.22	2
310693	3427.56	1
310696	3439.92	0
310703	3170.88	4
310704	3513.92	3
310711	3393.96	2
310714	3432.28	0
310718	3421.31	1
310720	3168.27	4
310727	3500.37	3
310730	3431.29	0
310731	3384.97	2
310738	3163.56	4
310739	3413.34	1
310744	3495.28	3
310748	3377.49	2
310753	3161.87	4
310755	3405.03	1
310759	3479.48	3
310767	3158.15	4
310774	3463.82	3
310780	3153.51	4
