478910	0	-1
478917	15659.1	0
478918	6170.32	1
478922	6293.36	0
478923	5550.35	1
478927	5710.01	0
478928	5186.83	1
478934	5149.51	0
478935	4744.4	1
478942	4945.24	0
478944	4663.75	1
478951	4571.95	0
478953	4501.16	1
478959	4562.61	0
478961	4487.62	1
478966	4479.28	0
478969	4487.34	1
478974	4416.72	0
478976	4416.62	1
478981	4416.38	0
478984	4392.52	1
478990	4414.82	0
478992	4391.11	1
478995	4391.17	0
478996	4390.69	1
478999	4388.52	0
479001	4262.69	1
479003	4380.43	0
479005	4260.45	1
479007	4253.71	0
479009	4253.61	1
479011	4251.96	0
479014	4236.33	1
479017	4251.11	0
479019	4146.33	1
479021	4233.77	0
479023	4143.87	1
479025	4226.39	0
479027	4143.44	1
479029	4226.37	0
479031	4062.23	1
479033	4136.6	0
479035	4056.02	1
479038	4127.76	0
479040	4051.54	1
479046	4095.82	0
479048	4013.99	1
479053	4016.17	0
479055	3981.09	1
479057	4015.98	0
479060	3959.45	1
479062	4013.46	0
479064	3957.05	1
479066	3956.98	0
479068	3956.72	1
479070	3955.48	0
479072	3956.16	1
479074	3954.89	0
479076	3956.16	1
479078	3954.05	0
479080	3954.05	1
479083	3936.9	0
479084	3953.8	1
479088	3936.38	0
479089	3932.77	1
479092	3936.05	0
479093	3915.01	1
479096	3936.05	0
479099	3914.57	1
479102	3936.03	0
479105	3871.36	1
479106	3914.47	0
479109	3871.21	1
479112	3875.75	0
479115	3870.95	1
479116	3859.02	0
479119	3870.47	1
479120	3830.96	0
479123	3830.53	1
479124	3830.85	0
479127	3793.81	1
479129	3817.2	0
479131	3793.11	1
479133	3781.06	0
479135	3780.38	1
479136	3780.71	0
479139	3780.27	1
479141	3744.25	0
479142	3780.17	1
479145	3743.38	0
479146	3743.29	1
479149	3740.7	0
479150	3743.19	1
479153	3718.9	0
479155	3733.64	1
479157	3718.66	0
479159	3709.62	1
479161	3702.17	0
479163	3709.42	1
479165	3701.5	0
479168	3699.43	1
