310780	0	-1
310806	5167.85	0
310806	6416.03	1
310809	4935.89	2
310814	5826	3
310822	4832.05	4
310828	5930.85	1
310830	4675.32	2
310832	4694.35	0
310836	4974.23	3
310840	4832.05	4
310844	4425.34	2
310846	4558.67	1
310853	4409.88	0
310859	4395.93	3
310862	4253.17	2
310865	4275.09	4
310870	4374.06	1
310883	4323.38	0
310883	4148.75	4
310884	4274.56	3
310889	4147.12	2
310889	4329.19	1
310901	4282.58	0
310904	4147.98	3
310904	3982.16	2
310906	3931.72	1
310907	3937.15	4
310920	3977.55	2
310923	3933.33	3
310923	3940.01	0
310924	3888.86	1
310927	3845.49	4
310941	3960.31	2
310942	3809.86	4
310943	3838.83	1
310945	3908.84	0
310945	3868.78	3
310961	3798.82	2
310964	3759.84	4
310966	3816.43	0
310966	3795.55	1
310969	3868.24	3
310981	3793.76	2
310982	3707.73	4
310982	3679.34	0
310989	3693.13	3
310991	3788.41	1
311003	3667.38	4
311004	3656.28	0
311009	3692.49	3
311009	3748.51	2
311013	3750.46	1
311021	3665.6	4
311031	3622.76	2
311032	3640.3	0
311034	3624.37	1
311036	3649.9	3
311043	3605.97	4
311051	3613.54	1
311058	3614.02	2
311059	3610.94	0
311064	3579.72	3
311068	3570.18	4
311078	3613.03	1
311080	3605.97	2
311085	3572.07	3
311086	3603.14	0
311091	3557.2	4
311098	3580.92	1
311100	3556.13	2
311106	3571.11	3
311108	3539.93	4
311111	3596.16	0
311121	3546.25	1
311126	3539.7	3
311126	3529.02	2
311133	3539.71	4
311134	3538.99	0
311149	3526.56	1
311151	3507.29	3
311153	3491.55	4
311154	3526.93	2
311162	3520.15	0
311169	3492.06	3
311171	3458.96	4
311172	3478.01	1
311180	3458.75	2
311185	3502.99	0
311187	3442.63	3
311188	3442.9	4
311194	3454.48	1
311203	3432.09	4
311203	3432.14	0
311205	3439.46	2
311207	3425.93	3
311213	3441.4	1
311218	3397.35	4
311224	3422.57	3
311225	3415.26	0
311228	3435.27	2
311233	3397.57	1
311238	3386.69	4
311244	3396.1	3
311248	3412.28	0
311253	3383.98	2
311256	3397.41	1
311256	3373.47	4
311266	3393.06	3
311270	3373.33	0
311274	3368.24	4
311275	3383.76	2
311278	3386.43	1
311287	3392.93	3
311289	3373.09	0
311293	3368.18	4
311300	3362.07	1
311301	3374.82	2
311303	3364.19	3
311314	3354.84	4
311317	3372.44	0
311324	3355.01	2
311327	3350.48	1
311331	3354.86	4
311333	3364.18	3
311338	3354.64	0
311347	3343.71	4
311349	3348.15	1
311349	3352.19	2
311351	3357.57	3
311360	3354.48	0
311364	3337.21	4
311367	3341.56	1
311370	3335.09	3
311372	3346.77	2
311377	3352.14	0
311377	3334.95	4
311386	3333.51	3
311389	3330.9	2
311390	3328.96	4
311394	3336.66	1
311396	3328.95	0
311406	3329.76	3
311408	3327.54	4
311413	3321.65	2
311415	3330.99	1
311416	3327.22	0
311425	3321.72	3
311428	3312.15	4
311437	3312.37	2
311439	3324.67	0
311441	3316.32	1
311444	3307.62	4
311447	3320.33	3
311459	3302.42	2
311462	3300.56	0
311464	3313.22	1
311465	3296.68	4
311467	3320.21	3
311479	3301.33	2
311480	3309.95	1
311481	3293.83	4
311485	3296.59	3
311488	3292.73	0
311496	3290.03	4
311504	3291.01	1
311505	3299.74	2
311510	3282.85	4
311512	3290.77	3
311514	3288.96	0
311521	3288.64	2
311522	3290.8	1
311529	3276.84	4
311530	3289.91	3
311532	3275.42	0
311538	3286.15	2
311543	3286.12	1
311543	3273.26	4
311547	3273.35	3
311550	3271.45	0
311556	3268.04	4
311559	3279.75	2
311561	3268.79	1
311568	3271.45	0
311568	3271.75	3
311573	3260.28	4
311581	3263.21	2
311583	3259.74	1
311583	3264.76	0
311584	3267.11	3
311594	3255.25	4
311601	3250.14	3
311604	3262.15	2
311608	3264.72	0
311610	3257.3	1
311613	3248.4	4
311621	3248.89	3
311629	3244.43	4
311631	3260.28	0
311633	3262.08	2
311637	3246.55	1
311645	3246.92	3
311648	3244.41	4
311649	3247.17	2
311649	3244.12	0
311660	3245.29	1
311663	3240.8	3
311669	3244.09	0
311671	3240.77	4
311675	3247.05	2
311681	3242.56	1
311689	3243.34	0
311690	3239.46	4
311690	3240	3
311698	3237.29	1
311700	3246.57	2
311705	3235.85	4
311715	3236.59	0
311715	3236.35	3
311718	3235.51	4
311724	3236.63	1
311724	3235.52	2
311733	3232.3	4
311736	3234.43	0
311737	3232.97	3
311740	3234.83	2
311745	3235.74	1
311748	3231.66	4
311755	3233.93	2
311756	3233.41	0
311759	3228.24	4
311761	3232.17	3
311763	3228.91	1
311773	3228.03	0
311776	3230.3	2
311780	3225.97	4
311787	3228.87	1
311787	3231.07	3
311793	3225.16	2
311796	3224.89	4
311799	3222.33	0
311805	3224.88	3
311810	3226.05	1
311815	3224.73	2
311818	3219.98	4
311829	3212.95	1
311829	3222.33	0
311829	3222.09	3
311835	3212.44	2
311836	3210.46	4
311849	3221.33	3
311851	3210.45	4
311852	3210.43	0
311854	3211.7	2
311858	3209.56	1
311870	3210.41	0
311872	3209.2	1
311875	3209.05	4
311883	3210.64	2
311886	3209.98	0
311890	3205.67	4
