320828	0	-1
320839	5826	1
320842	5194.8	2
320844	5826	3
320845	5825.97	1
320846	14452.9	0
320847	5194.8	2
320851	5317.73	1
320852	5159.23	2
320854	5825.97	3
320855	5007.12	1
320856	5790.02	0
320856	5147.31	2
320860	4962	1
320862	5553.58	3
320862	5351.79	0
320863	5146.76	2
320865	4958.39	1
320867	5523.1	3
320868	4831.25	0
320868	4940.88	2
320871	4957.27	1
320873	4870.71	2
320875	4775.18	1
320876	5435.13	3
320877	4751.07	2
320878	4761.97	0
320880	4622.57	1
320884	4560.27	2
320884	4646.11	3
320886	4564.57	0
320887	4563.74	1
320888	4510.57	2
320890	4508.11	3
320891	4410.91	0
320892	4452.26	1
320892	4509.68	2
320895	4416.01	3
320895	4280.36	0
320896	4241.3	1
320898	4312.91	2
320900	4415.11	3
320902	4240.4	1
320903	4277.74	0
320904	4199.24	3
320906	4303.76	2
320907	4198.75	1
320908	4225.43	0
320910	4134.7	3
320911	4189.84	2
320911	4196.51	1
320913	4145.9	0
320915	4141.28	1
320917	4189.05	2
320918	4083.75	0
320918	4093.58	3
320922	4131.42	2
320923	4063.34	0
320924	4083.89	1
320926	4070.01	3
320927	4105.16	2
320927	4063.22	0
320929	4020.17	1
320930	4005.38	3
320932	4062.57	0
320935	4050.88	2
320935	3968.56	3
320936	4004.92	0
320937	4019.25	1
320939	3920.76	3
320941	4004.64	0
320943	4050.06	2
320944	3893.24	3
320945	3973.89	1
320945	3920.19	0
320948	3892.4	3
320950	3904.64	0
320951	3990.48	2
320951	3892.4	3
320952	3970.41	1
320953	3877.34	0
320955	3891.47	3
320958	3863.05	0
320960	3863.01	3
320960	3973.76	2
320960	3890.34	1
320964	3861.71	3
320964	3850.14	2
320965	3862.18	0
320968	3850.14	2
320968	3889.93	1
320969	3837.32	3
320972	3850.11	2
320972	3861.94	0
320973	3836.78	3
320976	3849.66	2
320976	3861.31	1
320978	3836.78	3
320980	3849.9	0
320981	3860.75	1
320982	3799.34	3
320983	3848.87	2
320986	3821.94	1
320987	3849.31	0
320988	3797.4	3
320989	3807.8	2
320991	3806.86	1
320991	3798.72	0
320992	3796.77	3
320993	3769.23	2
320997	3797.45	0
320998	3795.6	3
320998	3777.57	1
321001	3783.13	0
321002	3794.94	3
321003	3768.15	2
321006	3764.52	3
321006	3772.02	0
321007	3765.96	1
321010	3731.09	3
321011	3744.86	0
321011	3766.11	2
321014	3730.56	3
321015	3744.78	0
321016	3743.31	1
321019	3764.01	2
321019	3730.11	3
321019	3742.41	0
321023	3740.63	2
321023	3738.74	0
321024	3742.17	1
321027	3712.47	3
321029	3719.08	1
321031	3700.51	3
321032	3717.54	0
321033	3739.87	2
321034	3696.97	1
321035	3685.63	3
321037	3685.82	1
321041	3717.04	0
321041	3662.87	3
321042	3708.4	2
321046	3685.4	1
321047	3685.36	0
321047	3704.42	2
321048	3662.38	3
321050	3683.79	1
321051	3684.57	0
321053	3657.67	2
321054	3661.95	3
321055	3679.18	0
321056	3683.77	1
321059	3678.56	0
321060	3660.35	1
321061	3657.09	2
321062	3661.74	3
321064	3651.79	1
321064	3678.36	0
321065	3655.46	2
321068	3647.97	1
321070	3660.13	3
321070	3647.25	2
321071	3665.51	0
321074	3646.83	2
321077	3633.1	1
321077	3634.89	0
321077	3660.13	3
321080	3646.75	2
321081	3632.96	1
321081	3634.76	0
321082	3646.82	3
321086	3634.65	2
321086	3632.78	1
321090	3634.57	0
321090	3617.51	2
321091	3646.69	3
321091	3612.22	1
321094	3598.34	2
321095	3611.89	1
321097	3634.57	0
321098	3624.13	3
321099	3611.93	1
321099	3592.05	2
321103	3611.92	1
321103	3591.81	2
321103	3598.15	0
321104	3620.47	3
321107	3611.85	1
321107	3577.97	2
321108	3587.36	0
321109	3589.09	3
321111	3577.6	2
321113	3611.85	1
321113	3581.99	3
321115	3584.78	0
321115	3577.45	2
321118	3568.21	3
321121	3586.99	1
321121	3577.45	2
321122	3577.51	0
321124	3567.93	3
321126	3553.58	0
321129	3577.41	2
321129	3584.24	1
321130	3559.9	3
321134	3553.34	2
321134	3559.71	1
321136	3553.26	0
321138	3559.46	1
321139	3547.19	2
321139	3559.85	3
321141	3552.67	1
321142	3546.88	2
321144	3553.02	0
321146	3553.17	3
321148	3546.82	2
321149	3552.92	3
321151	3546.22	1
321152	3546.82	2
321152	3552.73	0
321153	3552.37	3
321157	3541.25	2
321158	3552.37	3
321159	3545.98	1
321160	3545.9	0
321161	3540.9	2
321162	3545.98	3
321165	3540.62	2
321166	3544.82	1
321166	3545.68	3
321166	3545.59	0
321169	3534.34	2
321169	3544.82	1
321170	3534.03	3
321171	3534.22	0
321174	3534.16	2
321175	3533.81	3
321176	3534.12	0
321176	3538.85	1
321178	3532.95	2
321179	3533.81	3
321179	3533.95	0
321180	3527.06	1
321183	3528.73	2
321183	3518.02	3
321187	3522.9	2
321187	3512.95	3
321188	3515.39	0
321188	3526.7	1
321191	3502.49	3
321192	3518.53	2
321195	3489.45	3
321196	3508.57	1
321196	3493.64	2
321196	3498.51	0
321201	3489.28	3
321202	3503.99	1
321205	3489.26	3
321205	3498.36	0
321206	3488.76	2
321207	3488.96	1
321213	3489.24	0
321214	3476.03	2
321214	3489.24	3
321215	3488.62	1
321218	3476.02	3
321218	3473.98	2
321221	3479.39	0
321222	3471.63	1
321223	3469.8	2
321224	3475.84	3
321226	3466.44	0
321229	3469.76	2
321230	3461.35	1
321230	3465.83	0
321232	3466.26	3
321232	3469.75	2
321235	3453.39	0
321237	3459.53	1
321238	3469.49	2
321239	3459.29	3
321241	3453.3	0
321241	3459.53	1
321242	3451.54	2
321245	3451.67	0
321245	3446.01	3
321246	3443.01	2
321247	3451.67	1
321251	3444.86	0
321251	3445.99	3
321251	3442.98	2
321253	3451.67	1
321255	3438.08	3
321255	3442.81	2
321256	3440.17	0
321258	3442.91	1
321259	3442.74	2
321260	3430.44	3
321261	3434.72	0
321262	3442.7	1
321264	3430.18	3
321264	3439.72	2
321265	3427.82	0
321269	3430.16	1
321272	3424.95	2
321272	3427.03	3
321274	3427.71	0
321276	3426.87	3
321277	3425.79	1
321282	3424.83	0
321285	3416.89	1
321287	3424.81	0
321289	3413.62	1
321291	3415.28	0
321293	3410.9	1
321295	3410.92	0
321296	3410.9	1
321299	3410.89	0
321300	3409.03	1
321304	3407.55	0
321307	3407.49	0
