471304	0	-1
471347	5202.4	7
471350	5013.47	3
471351	5168.11	1
471354	5245.14	4
471354	5181.71	2
471355	5194.46	5
471355	5131.77	6
471355	4990.49	0
471380	4842.04	7
471382	5099.14	6
471384	4795.61	3
471385	4807.79	0
471385	4690.14	1
471386	4857.08	5
471387	4683.43	2
471388	4871.55	4
471408	4758.72	7
471411	4768.94	6
471412	4757.19	0
471413	4712.34	3
471416	4550.96	1
471417	4524.63	5
471419	4511.55	2
471420	4332.32	4
471443	4429.01	7
471444	4706.3	6
471445	4534.92	0
471450	4325.26	3
471451	4473.06	5
471453	4469.97	2
471455	4446.33	1
471456	4249.71	4
471478	4533.34	0
471479	4697.78	6
471479	4297.98	7
471483	4323.17	3
471484	4472.38	5
471486	4405.86	1
471491	4065.03	4
471493	4392.02	2
471507	4078.46	0
471507	4223.06	6
471508	4006.72	7
471512	4012.86	3
471514	4057.54	5
471516	4055.98	1
471522	3942.39	4
471525	3924.46	2
471541	3972.05	0
471542	4159.91	6
471542	3930.76	7
471549	4035.59	5
471550	3991.91	3
471550	4009.62	1
471560	3829.34	4
471561	3920.59	2
471579	3890.7	7
471579	4047.15	6
471581	3956.22	0
471584	3924.62	5
471584	3969.31	1
471584	3991.87	3
471589	3828.24	4
471593	3915.68	2
471608	3613.83	7
471610	3719.38	6
471610	3716.18	0
471616	3644.14	5
471616	3666.81	3
471616	3666.03	1
471624	3597.67	4
471629	3667.9	2
471643	3613.21	7
471644	3669.97	6
471648	3668.14	0
471652	3665.39	3
471653	3664.26	1
471653	3638.5	5
471662	3557.15	4
471664	3649.84	2
471677	3660.55	6
471677	3666.63	0
471677	3612.67	7
471682	3632.14	3
471684	3630.11	5
471686	3541.45	1
471691	3549.54	4
471692	3645.61	2
471706	3508.41	6
471706	3490.47	0
471708	3514.16	7
471713	3497.26	3
471716	3480	5
471719	3430.29	1
471724	3473.14	4
471725	3441.88	2
471740	3467.29	0
471742	3469.66	6
471743	3474.4	7
471746	3455.06	5
471748	3452.81	3
471749	3425.68	1
471753	3467.64	4
471758	3437.38	2
471774	3462.22	0
471775	3432.01	6
471777	3470.24	7
471779	3450.16	5
471781	3435.65	3
471781	3406.86	1
471784	3467.58	4
471787	3436.83	2
471803	3363.18	0
471804	3360.76	6
471805	3380.56	7
471807	3351.34	5
471809	3357.43	1
471809	3350.55	3
471814	3366.85	4
471816	3347.59	2
471832	3361.17	0
471835	3357.14	6
471836	3350.83	5
471838	3364.49	7
471839	3355.09	1
471839	3350.41	3
471843	3366.24	4
471844	3347.26	2
471860	3360.67	0
471866	3352.6	6
471867	3340.65	5
471867	3361.75	7
471869	3349.58	3
471871	3340.6	1
471872	3346.96	2
471875	3360.78	4
471888	3298.07	0
471894	3288.79	6
471895	3282.38	5
471895	3297.87	7
471897	3297.6	3
471901	3277.54	1
471903	3287.1	2
471907	3282.9	4
471921	3285.87	0
471927	3286.94	6
471928	3280.6	5
471928	3293.48	7
471929	3276.43	1
471931	3288.36	3
471933	3277.67	2
471934	3282.76	4
471952	3274.87	0
471955	3293.11	7
471955	3280.3	5
471956	3275.44	1
471959	3271.09	6
471960	3286.96	3
471962	3269.21	2
471963	3273.11	4
471979	3248.21	0
471983	3254.55	5
471983	3250.23	7
471984	3257.33	1
471989	3249.93	6
471991	3247.3	3
471993	3253.37	2
471994	3253.37	4
472014	3239.19	0
472016	3257.24	1
472018	3253.56	5
472021	3249.5	6
472021	3244.32	7
472026	3236.46	3
472026	3253.36	2
472028	3251.34	4
472049	3237.56	0
472049	3257.24	1
472051	3249.43	6
472051	3249.44	5
472055	3236.62	7
472055	3251.34	4
472056	3253.35	2
472056	3230.54	3
472075	3224.97	0
472076	3220	1
472077	3220.47	6
472080	3221.69	5
472084	3212.52	7
472085	3221.78	4
472086	3209.09	3
472087	3221.22	2
472111	3215.14	1
472114	3218.09	0
472114	3215.74	6
472119	3217.25	5
472121	3212.25	7
472122	3216.47	2
472126	3207.63	3
472127	3220.66	4
472144	3211.52	1
472145	3211.35	0
472147	3214.58	6
472148	3213.36	5
472152	3212.27	2
472153	3210.44	7
472153	3207.1	3
472155	3219.6	4
472170	3189.65	1
472172	3185.1	0
472174	3193.99	6
472176	3185.82	5
472180	3181.66	2
472182	3178.98	7
472182	3186.08	3
472185	3177.42	4
472203	3189.58	1
472207	3193.84	6
472208	3181.4	0
472209	3184.86	5
472212	3181.63	2
472216	3177.52	7
472218	3182.05	3
472224	3175.11	4
472237	3188.72	1
472241	3181.24	0
472241	3192.81	6
472242	3182.38	5
472247	3179.31	2
472249	3177.46	7
472251	3182.03	3
472255	3172.8	4
472263	3169.14	1
472267	3166.29	0
472267	3173.29	6
472269	3165.17	5
472271	3163.85	2
472271	3165.68	7
472272	3167.6	3
472274	3163.8	4
