321308	0	-1
321319	5826	0
321322	5194.8	1
321323	5826	3
321325	14452.9	2
321326	5317.26	0
321327	5159.23	1
321332	5145.43	1
321332	5560.25	3
321334	14160.9	2
321334	5007.12	0
321337	4912	1
321341	5126.24	3
321342	5006.01	0
321343	5525.03	2
321346	5042.48	3
321347	4910.79	1
321348	4907.47	0
321349	5435.41	2
321351	4890.17	3
321354	4761.97	0
321355	4735.26	1
321355	4532.82	3
321357	5272.78	2
321360	4587.34	1
321360	4433.82	3
321363	4556.68	0
321364	4433.34	3
321364	4587.11	1
321365	4394.26	2
321369	4553.89	0
321372	4393.31	2
321372	4397.03	1
321372	4318	3
321373	4287.05	0
321376	4371.54	2
321378	4214.46	0
321380	4269.58	3
321381	4182.97	2
321381	4322.9	1
321382	4197.01	0
321386	4150.43	2
321386	4073.21	0
321389	4204.64	3
321391	4287.05	1
321391	4123.09	2
321392	4071.58	0
321394	4079.03	3
321395	4022.84	2
321399	4038.15	3
321399	4020.32	2
321399	4054.42	1
321400	4071.18	0
321404	4014.87	3
321404	3948.29	2
321404	4018.85	0
321405	4025.5	1
321408	4013.87	3
321408	3946.77	2
321408	4016.71	0
321410	4025.26	1
321413	3961.78	0
321413	3928.08	2
321417	3925.33	2
321417	3990.14	3
321417	3870.47	0
321418	3986.15	1
321422	3835.37	2
321422	3845.91	0
321425	3989.88	3
321425	3835.14	2
321426	3982.4	1
321427	3845.43	0
321430	3834.52	2
321431	3822.04	0
321434	3810.06	3
321435	3821.31	2
321435	3821.2	0
321436	3981.95	1
321439	3820.88	2
321439	3819.01	0
321443	3765.57	3
321443	3805.32	0
321444	3820.02	2
321444	3804.94	1
321449	3764.78	3
321449	3792.48	1
321452	3803.72	2
321453	3791.63	0
321453	3760.2	3
321454	3754.88	1
321457	3759.89	3
321458	3753.71	1
321461	3791.55	0
321461	3804.29	2
321461	3759.31	3
321462	3728.41	1
321467	3747.18	0
321469	3727.9	1
321469	3721.44	3
321470	3800.62	2
321472	3714.44	0
321473	3664.2	1
321477	3713.54	0
321478	3724.67	2
321478	3694.4	3
321481	3664.15	1
321483	3681.28	0
321485	3690.3	3
321487	3663.32	1
321489	3681.16	0
321489	3724.64	2
321491	3640.39	1
321491	3648.86	3
321493	3677.62	0
321493	3724.25	2
321497	3635.79	0
321497	3637.88	2
321498	3640.28	1
321500	3641.47	3
321502	3622.5	0
321503	3629.8	2
321507	3620.5	1
321508	3641.34	3
321510	3629.73	2
321512	3622.13	0
321515	3602.24	1
321516	3605.26	3
321518	3613.39	2
321519	3613.46	0
321522	3591.4	2
321523	3613.46	0
321524	3601.83	1
321525	3605.1	3
321526	3591.25	2
321528	3603.91	0
321530	3591	2
321532	3605.03	3
321533	3598.04	1
321535	3579.74	2
321535	3583.29	0
321536	3575.42	3
321538	3571.85	1
321539	3582.79	0
321539	3571.91	2
321541	3566.99	3
321543	3571.75	1
321545	3544.95	2
321546	3576.1	0
321547	3566.89	3
321548	3571.64	1
321548	3544.95	2
321551	3557.29	0
321554	3563.32	3
321554	3563.16	1
321555	3544.82	2
321556	3557.23	0
321558	3561.74	1
321559	3557.03	3
321560	3536.82	2
321564	3561.69	1
321564	3536.58	2
321565	3550.63	0
321568	3556.61	3
321568	3548.86	1
321570	3529.76	2
321573	3542.51	0
321573	3530.35	3
321574	3523.6	2
321576	3548.86	1
321577	3530.1	3
321578	3523.6	2
321580	3542.51	0
321581	3530.06	3
321582	3516.93	2
321584	3548.86	1
321585	3511.55	3
321587	3500.02	2
321587	3542.39	0
321589	3505.71	1
321590	3511.47	3
321591	3499.9	0
321592	3495.67	2
321594	3490.63	1
321594	3498.2	3
321596	3499.58	0
321598	3492.25	2
321599	3474.39	1
321601	3486.67	3
321604	3499.48	0
321604	3477.93	2
321606	3462.58	1
321611	3481.09	3
321612	3486.36	0
321614	3472.77	2
321616	3462.33	1
321617	3480.94	3
321619	3486.02	0
321620	3461.04	2
321624	3450.64	3
321624	3460.23	1
321624	3485.91	0
321625	3448.59	2
321632	3448.6	1
321632	3452.91	0
321633	3434.62	3
321634	3448.43	2
321638	3448.16	1
321638	3434.25	3
321641	3441.12	0
321642	3448.16	1
321642	3424.29	3
321643	3448.43	2
321646	3432.69	0
321647	3415.48	3
321649	3436.14	1
321651	3426.88	2
321651	3419	0
321652	3414.92	3
321654	3436.08	1
321655	3426.88	2
321656	3399.96	3
321656	3407.85	0
321659	3426.59	2
321661	3397.36	3
321663	3402.93	0
321664	3433.21	1
321664	3399.72	2
321669	3402.51	0
321670	3397.2	3
321670	3394.86	2
321671	3423.53	1
321673	3401.96	0
321675	3415.76	1
321677	3401.54	0
321677	3394.66	3
321678	3387.91	2
321680	3412.83	1
321681	3385.05	0
321682	3394.66	3
321682	3379.49	2
321684	3386.29	1
321685	3385.05	0
321686	3393.24	3
321687	3378.98	2
321689	3386.29	1
321693	3378.86	2
321693	3385.87	1
321694	3379	3
321694	3381.48	0
321696	3367.68	2
321697	3367.68	1
321702	3378.97	3
321702	3375.55	0
321706	3375.4	0
321707	3367.64	2
321707	3378.72	3
321707	3367.64	1
321711	3367.64	2
321711	3366.34	3
321712	3367.61	1
321713	3372.6	0
321716	3363.13	2
321716	3366.31	3
321717	3366.31	1
321718	3360.44	0
321722	3363.07	2
321725	3361.88	1
321725	3360.44	0
321726	3366.31	3
321729	3361.68	1
321729	3360.44	0
321732	3362.97	2
321733	3355.75	1
321733	3360.27	0
321734	3362.9	3
321738	3360.12	0
321740	3362.89	3
321741	3355.39	1
321741	3358.36	2
321744	3357.77	0
321745	3358.65	3
321745	3358.35	2
321745	3355.18	1
321748	3357.75	0
321751	3351.94	1
321752	3352.14	3
321754	3358.33	2
321757	3357.71	0
321759	3350.16	1
321760	3351.91	2
321760	3352.1	3
321762	3352.32	0
321763	3349.86	1
321764	3351.71	2
321764	3352.1	3
321766	3345.9	0
321767	3343.86	1
321768	3351.69	3
321769	3349.21	2
321770	3345.75	0
321775	3341.25	1
321775	3351.69	3
321776	3343.31	2
321779	3337.49	1
321780	3343.27	2
321780	3345.7	0
321781	3351.69	3
321785	3343.24	3
321787	3337.28	1
321788	3343.27	2
321790	3343.12	3
321792	3337.17	1
321794	3337.61	3
321796	3337.12	1
321798	3329.82	3
321800	3329.77	1
321802	3329.73	3
321804	3329.77	1
321806	3329.72	3
321808	3329.77	1
