324759	0	-1
324769	5194.8	2
324771	5826	0
324772	5826	3
324774	5014.78	2
324776	5767.22	0
324778	14452.9	1
324780	5560.25	3
324782	4969.55	2
324786	4942.16	3
324786	5333.88	0
324787	4892.89	2
324788	5187.22	1
324791	4846.21	3
324792	4718.18	2
324795	4669.39	3
324796	5255.88	0
324796	4578.39	2
324797	4931.59	1
324801	4476.75	2
324802	4814.15	1
324803	4529.63	3
324804	4833.19	0
324805	4475.97	2
324808	4378.18	1
324810	4769.4	0
324811	4519.69	3
324812	4473.92	2
324815	4572	0
324816	4377.75	1
324816	4275.53	2
324820	4517.7	3
324820	4458.53	0
324822	4214.02	2
324823	4370.77	1
324826	4468.72	3
324827	4417.18	0
324828	4183.85	2
324828	4368.56	1
324831	4183.52	2
324833	4311.41	1
324835	4242.51	3
324836	4151.8	0
324838	4181.5	2
324839	4090.42	1
324840	4096.18	0
324841	4211.22	3
324842	4088.81	2
324844	4065.73	1
324844	4210.89	3
324845	4094.92	0
324847	4065.43	2
324849	4092.53	0
324849	4044.85	1
324849	4142.55	3
324852	4018.64	2
324853	4040.3	1
324855	4092.34	0
324856	4138.71	3
324857	4017.43	2
324858	4039.56	1
324860	3964.56	0
324861	3883.59	3
324862	4004.08	2
324863	3916.53	1
324866	3858.01	2
324867	3916.52	1
324867	3962.76	0
324870	3839.1	3
324872	3914.82	1
324873	3855.15	2
324874	3961.64	0
324877	3897.22	1
324878	3960.68	0
324879	3823.47	3
324882	3862.18	1
324882	3814.41	2
324883	3960	0
324885	3822.74	3
324886	3771.79	2
324889	3742.06	1
324890	3812.38	0
324891	3819.22	3
324893	3771.14	2
324894	3704.02	1
324895	3777.75	0
324897	3738.44	3
324900	3769.45	2
324903	3737.86	3
324904	3703.21	1
324904	3764.29	2
324906	3777.32	0
324911	3735.14	3
324912	3763.93	2
324913	3702.68	1
324914	3776.75	0
324918	3733.89	3
324921	3689.04	1
324921	3749.44	2
324923	3763.64	0
324924	3698.35	3
324926	3681.98	1
324927	3748.4	2
324929	3658.92	3
324932	3714.65	0
324934	3681.75	1
324934	3638.88	2
324935	3658.92	3
324938	3714.44	0
324939	3681.67	1
324939	3658.92	3
324939	3609.43	2
324942	3714.13	0
324943	3609.41	2
324943	3653.84	3
324944	3672.45	1
324947	3691.09	0
324947	3653.7	3
324948	3591.88	2
324949	3665.36	1
324951	3691.09	0
324952	3574.38	3
324954	3584.87	2
324955	3558.77	1
324956	3577.28	0
324958	3574.15	3
324959	3537.15	2
324961	3555.59	1
324963	3577.24	0
324965	3536.72	2
324966	3549.27	1
324968	3574.12	3
324971	3548.86	1
324972	3576.82	0
324972	3573.73	3
324974	3530.82	2
324976	3548.64	1
324977	3573.69	3
324977	3570.17	0
324978	3530.56	2
324980	3515.37	1
324981	3561.93	3
324981	3570.17	0
324982	3530.27	2
324984	3515.34	1
324985	3561.93	3
324986	3509.27	0
324986	3514.81	2
324990	3509.18	0
324991	3509.11	2
324992	3510.36	1
324993	3561.93	3
324995	3488.08	0
324995	3490.44	2
324999	3509.91	1
325000	3472.08	0
325000	3490.33	2
325002	3556.03	3
325007	3505.01	1
325007	3490.31	2
325009	3468.14	0
325011	3463.97	1
325011	3481.7	2
325012	3555.86	3
325016	3466.48	2
325017	3477.18	3
325018	3463.79	0
325019	3463.34	1
325023	3464.46	2
325024	3454.12	0
325025	3463.23	1
325025	3477.14	3
325031	3444.68	0
325031	3464.08	2
325033	3462.92	1
325035	3477.14	3
325038	3443.52	0
325040	3456.18	2
325040	3453.88	1
325041	3477.03	3
325044	3443.35	0
325044	3431.33	2
325044	3431.5	1
325046	3476.84	3
325048	3427.58	0
325049	3428.08	1
325052	3427.14	0
325052	3422.61	2
325054	3427.88	3
325055	3424.6	1
325057	3418.44	0
325059	3424.6	1
325061	3407.8	0
325062	3422.48	2
325062	3415.78	3
325064	3413.27	1
325065	3407.47	0
325067	3390.81	1
325069	3387.75	0
325070	3415.78	3
325071	3390.81	1
325071	3419.98	2
325074	3386.48	0
325076	3390.74	1
325077	3415.29	3
325078	3417.55	2
325079	3386.25	0
325081	3390.71	1
325083	3415.13	3
325085	3378.3	2
325088	3386.25	0
325090	3404.52	3
325090	3378.13	2
325091	3390.63	1
325093	3386.13	0
325095	3366.93	1
325097	3378.13	2
325097	3378	0
325099	3402.35	3
325103	3366.88	1
325104	3378.13	2
325105	3378	0
325108	3402.28	3
325109	3361.75	1
325110	3378.13	2
325113	3361.75	1
325114	3378	2
325115	3378	0
325117	3402.11	3
325119	3360.81	1
325121	3377.86	2
325125	3378	0
325126	3400.09	3
325127	3359.25	1
325129	3371.2	2
325133	3377.74	0
325134	3357.98	3
325135	3359.13	1
325137	3371.17	2
325141	3370.94	0
325142	3357.94	3
325143	3356.74	1
325145	3371.17	2
325146	3357.94	3
325146	3366	0
325147	3356.74	1
325151	3356.74	1
325151	3364.16	0
325153	3350.08	2
325154	3357.74	3
325157	3346.12	1
325158	3361.27	0
325159	3350.04	2
325160	3357.73	3
325161	3340.35	1
325162	3361.23	0
325163	3350.04	2
325164	3344.65	3
325167	3340.35	1
325168	3343.15	0
325169	3349.92	2
325172	3343.06	0
325173	3349.92	2
325174	3344.59	3
325175	3337.56	1
325177	3343.06	0
325179	3344.58	3
325180	3344.47	2
325181	3341.33	0
325182	3337.56	1
325183	3342.99	3
325185	3341.33	0
325188	3341.24	3
325189	3330.96	0
325190	3342.86	2
325190	3336.02	1
325192	3341.11	3
325194	3330.66	0
325196	3332.92	1
325198	3342.73	2
325198	3327.07	0
325201	3341.05	3
325202	3329.31	1
325204	3327.07	0
325205	3342.71	2
325205	3341.04	3
325207	3326.36	1
325210	3327.07	0
325211	3342.62	2
325211	3339.2	3
325211	3324.41	1
325215	3322.77	1
325215	3337.5	3
325218	3337.37	2
325218	3318.49	0
325219	3320.82	3
325220	3320.86	1
325223	3320.12	3
325224	3318.91	1
325226	3337.33	2
325227	3319.37	3
325228	3317.12	0
325228	3318.9	1
325233	3335.62	2
325234	3318.81	1
325236	3317.12	0
325236	3317.72	3
325239	3335.57	2
325241	3304.67	1
325244	3317.72	3
325244	3333.66	2
325246	3317.02	0
325248	3308.34	2
325251	3308.38	3
325253	3316.95	0
325259	3304.2	3
325261	3308.21	0
325264	3301.19	3
325268	3301.17	3
325272	3298.99	3
325276	3293.32	3
