10	15633	0
21	5174.5	0
28	5143.7	0
39	5143.6	0
46	5143.1	0
51	4971.9	0
60	4970.7	0
70	4746.3	0
75	4743.9	0
81	4742.9	0
91	4610.2	0
97	4608.6	0
103	4608.6	0
110	4487.5	0
118	4487.5	0
125	4421.3	0
134	4337.1	0
141	4335.4	0
147	4265.4	0
155	4226	0
166	4224.7	0
173	4224.7	0
180	4224.6	0
189	4176.4	0
197	4175.7	0
202	4151.6	0
210	4151.2	0
215	4132.8	0
220	4122.1	0
225	4121.2	0
229	4120.8	0
237	4090.4	0
246	4084.7	0
254	4053.5	0
259	4052.9	0
266	4052.6	0
276	4044.5	0
285	4009.4	0
289	4008.4	0
295	4007.6	0
302	3976.9	0
310	3976.9	0
321	3976.7	0
328	3969.8	0
332	3969.5	0
342	3969.4	0
348	3967.4	0
354	3949.1	0
361	3945.4	0
369	3945.3	0
376	3945.3	0
382	3945.2	0
387	3942.9	0
394	3942.9	0
402	3942.9	0
408	3924.1	0
415	3924.1	0
424	3924	0
432	3901	0
439	3901	0
445	3880.3	0
453	3880.1	0
460	3880.1	0
468	3861.3	0
474	3861.2	0
479	3860.3	0
484	3860.2	0
492	3858.6	0
498	3837.3	0
504	3817.6	0
513	3817.5	0
519	3817.3	0
525	3797.3	0
530	3781.3	0
536	3780.6	0
541	3780.5	0
546	3780.3	0
553	3766.3	0
562	3766.3	0
567	3766.3	0
574	3765.9	0
584	3752.5	0
590	3752.4	0
596	3751.9	0
601	3740.3	0
607	3740.2	0
614	3728.6	0
621	3728.5	0
626	3714.8	0
631	3714.8	0
638	3714.2	0
645	3714.2	0
651	3714.2	0
657	3712.5	0
662	3712.1	0
669	3712.1	0
675	3712	0
679	3709.9	0
684	3709.8	0
692	3709.8	0
13	5705.4	1
23	5546.8	1
31	5536.1	1
42	4822.1	1
47	4619.7	1
53	4550.4	1
58	4544.6	1
63	4491.4	1
72	4490.9	1
79	4489	1
86	4479.8	1
93	4406.6	1
101	4317.5	1
111	4315.2	1
117	4288	1
124	4283.9	1
128	4283.9	1
138	4283.7	1
145	4283.1	1
153	4283.1	1
160	4282.9	1
170	4282.2	1
177	4272.8	1
182	4269.5	1
186	4269.5	1
190	4269.5	1
197	4269.4	1
201	4261.9	1
209	4260.1	1
214	4258.1	1
222	4169.1	1
226	4167.2	1
232	4135.4	1
241	4068.6	1
249	4043.3	1
257	4042.2	1
261	4040.7	1
269	3995.2	1
278	3994.9	1
285	3993.7	1
291	3993.6	1
297	3972	1
306	3971.1	1
316	3953.6	1
323	3953.6	1
328	3953.5	1
334	3948.4	1
341	3940.8	1
348	3936.7	1
354	3936	1
359	3936	1
363	3935.3	1
373	3935.2	1
381	3935.1	1
386	3894.8	1
395	3894.4	1
401	3894.4	1
408	3869.5	1
417	3869.1	1
427	3868.7	1
433	3868.7	1
437	3867.6	1
444	3848.8	1
452	3848.5	1
458	3848.5	1
467	3834.3	1
473	3799.5	1
479	3798.3	1
485	3797.8	1
495	3797.5	1
500	3786.2	1
507	3783.8	1
513	3783.4	1
518	3783.2	1
524	3783.2	1
530	3783.1	1
536	3783.1	1
542	3770.8	1
549	3744.2	1
555	3732.6	1
565	3732.3	1
571	3732.1	1
576	3731.6	1
582	3731.2	1
590	3731.2	1
599	3712.6	1
605	3712.6	1
613	3712.5	1
619	3712.2	1
625	3708.2	1
631	3707.8	1
639	3698.2	1
648	3672	1
657	3657	1
662	3657	1
668	3643.4	1
674	3643.1	1
683	3642.8	1
697	3636.1	1
12	14573	2
38	12365	2
52	5696.8	2
61	5598.3	2
70	5354.2	2
77	5335.5	2
83	5272.3	2
91	5271.5	2
96	5220.8	2
105	5083.5	2
111	5082	2
121	4567.9	2
129	4567.1	2
133	4565.6	2
142	4486.4	2
149	4385.6	2
154	4294.4	2
161	4292.1	2
172	4292.1	2
179	4260.4	2
188	4233	2
196	4208	2
203	4207.9	2
213	4151.2	2
219	4126.2	2
225	4108.4	2
232	4090.9	2
239	4068.2	2
247	4066	2
254	4065.6	2
259	4064.3	2
266	4046.8	2
271	4046.6	2
282	4046.4	2
292	4046.4	2
300	4029.8	2
304	4012.9	2
311	3995.2	2
323	3994.8	2
327	3994.7	2
332	3980.4	2
338	3980	2
346	3908.7	2
354	3848.9	2
364	3840.2	2
373	3790.3	2
381	3783.6	2
388	3781.8	2
397	3741.7	2
408	3740.8	2
413	3740.7	2
423	3740.6	2
431	3737	2
439	3736.1	2
444	3732.6	2
449	3732.5	2
454	3732.3	2
461	3732.3	2
466	3705.3	2
472	3705.2	2
477	3705.2	2
482	3702.9	2
489	3702.6	2
495	3701.2	2
499	3701.1	2
507	3675.2	2
514	3667.8	2
520	3660.7	2
526	3656.9	2
534	3650.8	2
542	3630.5	2
550	3624.9	2
560	3624.5	2
567	3603.6	2
572	3602	2
578	3601.7	2
589	3601.6	2
596	3601.3	2
603	3596.4	2
607	3582	2
612	3581.8	2
621	3581.6	2
626	3576.3	2
631	3559.1	2
638	3546.6	2
646	3546.5	2
653	3546	2
659	3546	2
667	3545.9	2
673	3544.1	2
682	3538.7	2
689	3538.7	2
696	3538.7	2
701	3526.6	2
705	3525.2	2
711	3525.2	2
716	3525.1	2
721	3524.2	2
725	3520.5	2
729	3520.5	2
9	6443.9	3
22	6427.7	3
30	6333.8	3
45	6302.9	3
55	6294.4	3
72	6245	3
77	6244.2	3
84	5092.3	3
94	4676.4	3
101	4645.9	3
110	4640.7	3
115	4638.1	3
124	4448.9	3
130	4441.7	3
138	4387.1	3
144	4384.8	3
150	4294.1	3
157	4262.9	3
161	4261.3	3
169	4260.4	3
177	4259	3
185	4226.1	3
192	4225.9	3
197	4216.8	3
205	4211.4	3
213	4211.2	3
219	4132.7	3
228	4132.3	3
234	4132.1	3
241	4078.1	3
251	4077.7	3
258	4077.7	3
263	4027.2	3
272	4026.9	3
284	4026.9	3
292	4025.6	3
300	4003.5	3
307	4002.3	3
316	4002.1	3
320	4002.1	3
326	4000.9	3
332	3991.8	3
338	3978.9	3
345	3978.7	3
351	3957.4	3
357	3956.7	3
363	3956.7	3
369	3937.8	3
379	3937.5	3
386	3904.2	3
394	3903.8	3
403	3874.3	3
411	3872.1	3
420	3870.8	3
426	3867	3
431	3866.7	3
438	3866.7	3
444	3840.5	3
451	3825.7	3
457	3811.7	3
461	3811.7	3
466	3800.1	3
471	3799.4	3
476	3788.2	3
480	3787.3	3
486	3786.2	3
495	3758.2	3
502	3749	3
511	3730.8	3
519	3730.7	3
524	3717.9	3
529	3690.5	3
536	3680.9	3
540	3680.6	3
548	3679.6	3
555	3669.6	3
567	3668.8	3
575	3667	3
582	3658.6	3
592	3658.5	3
597	3658.3	3
603	3650.8	3
607	3650.8	3
612	3627.3	3
621	3627.2	3
627	3626.4	3
633	3625.3	3
641	3625.3	3
648	3625.2	3
656	3625.2	3
662	3624.2	3
669	3605.7	3
677	3605.7	3
687	3599.5	3
696	3577	3
701	3576.4	3
704	3576.3	3
711	3576.2	3
715	3576.2	3
720	3564.1	3
