314156	0	-1
314194	1.04934e+07	2
314199	1.0924e+07	3
314202	1.09379e+07	0
314205	1.09274e+07	1
314206	7.28483e+06	2
314215	6.01243e+06	3
314225	5.59172e+06	0
314280	1.09274e+07	1
314313	4.92892e+06	3
314327	4.52926e+06	3
314333	4.48244e+06	3
314381	7.16653e+06	2
314400	4.42486e+06	0
314407	3.88822e+06	0
314412	4.01555e+06	2
314414	3.83575e+06	0
314423	4.4141e+06	1
314424	3.53266e+06	2
314428	3.73324e+06	1
314478	3.1208e+06	1
314504	3.17856e+06	2
314511	3.91338e+06	3
314519	2.94002e+06	1
314526	3.49668e+06	3
314530	2.94002e+06	1
314553	3.48545e+06	0
314560	3.14411e+06	2
314583	2.94002e+06	1
314583	3.43743e+06	0
314598	3.49668e+06	3
314603	3.13718e+06	2
314630	2.93167e+06	3
314634	2.92473e+06	2
314634	2.94002e+06	1
314638	2.91442e+06	3
314643	2.94002e+06	1
314644	2.91492e+06	2
314650	2.94002e+06	1
314657	3.35996e+06	0
314664	2.90976e+06	1
314665	2.9093e+06	3
314667	2.90976e+06	0
314674	2.90976e+06	0
314679	2.9093e+06	1
314692	2.90976e+06	0
314693	2.9093e+06	3
314693	2.91492e+06	2
314695	2.9093e+06	0
314700	2.9093e+06	2
314701	2.9093e+06	3
314703	2.9093e+06	2
314713	2.9093e+06	3
314717	2.9093e+06	3
314723	2.9093e+06	2
314727	2.9093e+06	3
314735	2.9093e+06	2
314741	2.9093e+06	2
314754	2.9093e+06	3
314756	2.9093e+06	1
314758	2.9093e+06	3
314761	2.9093e+06	1
314767	2.9093e+06	3
314769	2.9093e+06	1
314777	2.9093e+06	0
314780	2.9093e+06	0
314784	2.9093e+06	2
314785	2.9093e+06	1
314785	2.9093e+06	0
314789	2.9093e+06	1
314797	2.9093e+06	2
314802	2.9093e+06	0
314809	2.9093e+06	0
314813	2.9093e+06	0
314822	2.9093e+06	0
314826	2.9093e+06	3
314831	2.9093e+06	0
314841	2.9093e+06	1
314857	2.9093e+06	1
314860	2.9093e+06	2
314948	2.9093e+06	2
