319002	0	-1
319049	1.09368e+07	0
319050	1.13515e+07	1
319053	1.09254e+07	3
319054	1.12e+07	2
319186	1.12e+07	2
319206	1.09254e+07	3
319237	1.09368e+07	0
319352	1.13515e+07	1
319535	1.09254e+07	3
319567	1.12e+07	2
319666	1.09368e+07	0
319704	1.09254e+07	3
319823	1.12e+07	2
319862	1.09368e+07	0
319891	4.51731e+06	3
319944	1.13515e+07	1
320072	4.57473e+06	0
320090	5.04459e+06	2
320168	1.13515e+07	1
320346	3.92553e+06	0
320359	3.50912e+06	3
320369	1.13515e+07	1
320472	3.91897e+06	2
320513	3.90273e+06	0
320606	3.2387e+06	3
320643	3.43778e+06	0
320831	2.91169e+06	3
