324893	0	-1
324944	1.09263e+07	0
324944	1.09395e+07	1
324945	1.09235e+07	2
324947	7.35891e+06	0
324947	7.35119e+06	1
324948	7.34255e+06	2
324948	1.10358e+07	3
324950	6.91662e+06	0
324952	6.86271e+06	3
324952	6.91662e+06	0
324955	6.4305e+06	3
324958	6.4305e+06	3
324958	5.78333e+06	1
324962	5.56776e+06	1
324967	6.4305e+06	3
324970	6.09983e+06	3
324971	7.25459e+06	2
324974	7.10307e+06	2
324980	6.50049e+06	0
324983	6.50048e+06	0
324987	6.50048e+06	0
324990	6.50048e+06	0
324996	6.50048e+06	0
324999	6.09983e+06	3
325003	6.09983e+06	3
325009	6.09983e+06	3
325010	5.44081e+06	2
325013	5.44081e+06	2
325016	5.44081e+06	2
325019	5.42702e+06	2
325022	5.42702e+06	2
325029	5.56776e+06	1
325031	5.56776e+06	1
325032	6.09983e+06	4
325034	5.56776e+06	1
325048	5.23327e+06	3
325048	5.42702e+06	2
325051	5.42702e+06	2
325053	5.23327e+06	3
325054	5.37443e+06	2
325055	5.23327e+06	3
325057	5.37443e+06	2
325058	5.57439e+06	0
325058	5.1327e+06	3
325060	5.37443e+06	2
325060	5.1327e+06	3
325062	5.57439e+06	0
325066	5.57439e+06	0
325070	5.5218e+06	0
325076	5.06675e+06	3
325082	5.06675e+06	2
325083	5.06675e+06	3
325088	5.5218e+06	0
325089	4.89764e+06	2
325090	5.56776e+06	1
325091	5.06675e+06	3
325095	5.06675e+06	3
325098	5.06675e+06	3
325101	4.89764e+06	2
325101	4.89764e+06	3
325104	4.89764e+06	2
325107	4.89764e+06	2
325108	4.89481e+06	3
325109	4.89764e+06	2
325115	4.89481e+06	3
325116	4.8741e+06	2
325119	4.87179e+06	2
325127	4.89481e+06	3
325128	4.87179e+06	2
325132	4.8741e+06	3
325134	5.1064e+06	0
325134	4.87179e+06	2
325135	4.87179e+06	3
325137	5.1064e+06	0
325137	4.87179e+06	2
325139	5.1064e+06	0
325140	4.87179e+06	2
325144	4.87179e+06	2
325147	5.56776e+06	1
325148	4.87179e+06	2
325152	4.87179e+06	2
325154	4.87179e+06	2
325157	5.1064e+06	0
325157	4.87179e+06	2
325159	4.86947e+06	1
325160	5.1064e+06	0
325161	4.87179e+06	2
325162	4.86947e+06	1
325163	4.86946e+06	4
325164	4.86936e+06	0
325164	4.86947e+06	1
325167	4.87179e+06	2
325169	4.86947e+06	1
325170	4.87179e+06	2
325172	4.86947e+06	1
325173	4.86936e+06	0
325174	4.87179e+06	3
325175	4.86936e+06	1
325176	4.8693e+06	2
325178	4.86928e+06	4
325178	4.86936e+06	0
325180	4.8693e+06	2
325181	4.86936e+06	0
325184	4.86936e+06	0
325186	4.8693e+06	2
325188	4.86936e+06	0
325189	4.86928e+06	4
325191	4.86936e+06	0
325192	4.8693e+06	2
325194	4.86936e+06	0
325197	4.8693e+06	2
325197	4.86936e+06	0
325198	4.86928e+06	4
325199	4.86936e+06	0
325200	4.8693e+06	2
325203	4.86935e+06	0
325206	4.8693e+06	2
325208	4.86935e+06	0
325208	4.86928e+06	4
325211	4.86935e+06	0
325211	4.8693e+06	2
325213	4.87179e+06	3
325215	4.8693e+06	2
325215	4.87179e+06	3
325217	4.86935e+06	0
325218	4.87179e+06	3
325218	4.86928e+06	4
325219	4.8693e+06	2
325219	4.86935e+06	0
325220	4.86936e+06	1
325221	4.86928e+06	3
325222	4.86935e+06	0
325222	4.8693e+06	2
325223	4.86936e+06	1
325225	4.8693e+06	2
325225	4.8494e+06	0
325226	4.86928e+06	3
325227	4.86928e+06	4
325227	4.8693e+06	2
325229	4.86936e+06	1
325229	4.86928e+06	3
325231	4.84935e+06	2
325233	4.84941e+06	1
325235	4.86928e+06	3
325235	4.84934e+06	4
325235	4.84935e+06	2
325236	4.84941e+06	1
325238	4.86928e+06	3
325238	4.84935e+06	2
325241	4.84941e+06	1
325241	4.84934e+06	3
325242	4.84934e+06	4
325243	4.84941e+06	1
325244	4.84934e+06	3
325248	4.84934e+06	3
325250	4.84934e+06	4
325251	4.84934e+06	3
325251	4.84941e+06	1
325253	4.84934e+06	3
325254	4.84941e+06	1
325256	4.84934e+06	3
325257	4.84934e+06	4
325258	4.84935e+06	1
325259	4.84934e+06	3
325260	4.84935e+06	1
325264	4.84934e+06	3
325264	4.84935e+06	1
325265	4.84934e+06	4
325266	4.84935e+06	1
325266	4.84934e+06	3
325269	4.84934e+06	3
325269	4.84935e+06	1
325271	4.84934e+06	3
325272	4.84934e+06	1
325274	4.84934e+06	3
325274	4.84934e+06	4
325275	4.84934e+06	1
325277	4.84934e+06	3
325278	4.84934e+06	1
325281	4.84934e+06	3
325282	4.84935e+06	2
325283	4.84934e+06	4
325286	4.84934e+06	3
325288	4.84934e+06	3
325288	4.84935e+06	2
325291	4.84934e+06	4
325291	4.84934e+06	3
325294	4.84935e+06	2
325296	4.84935e+06	2
325296	4.84934e+06	3
325298	4.8494e+06	0
325299	4.84934e+06	2
325299	4.84934e+06	4
325300	4.84934e+06	3
325302	4.8494e+06	0
325302	4.84934e+06	2
325303	4.84934e+06	3
325305	4.8494e+06	0
325305	4.84934e+06	2
325305	4.84934e+06	3
325308	4.84934e+06	4
325308	4.84934e+06	0
325308	4.84934e+06	2
325309	4.84934e+06	3
325311	4.84934e+06	0
325312	4.84934e+06	2
325314	4.84934e+06	3
325314	4.84934e+06	2
325316	4.84934e+06	0
325316	4.84934e+06	4
325318	4.84934e+06	2
325318	4.84934e+06	1
325319	4.84934e+06	3
325319	4.84934e+06	0
325321	4.84934e+06	2
325322	4.84934e+06	3
325323	4.84934e+06	1
325323	4.84934e+06	0
325323	4.84934e+06	2
325323	4.84934e+06	4
325325	4.84934e+06	3
325326	4.84934e+06	1
325326	4.84934e+06	0
325328	4.84934e+06	2
325328	4.84934e+06	0
325329	4.84934e+06	3
325330	4.84934e+06	4
325331	4.84934e+06	0
325331	4.84934e+06	1
325331	4.84934e+06	2
325333	4.84934e+06	3
325334	4.84934e+06	1
325335	4.84934e+06	2
325336	4.84934e+06	3
325337	4.84934e+06	1
325338	4.84934e+06	3
325339	4.84934e+06	4
325340	4.84934e+06	1
325341	4.84934e+06	3
325342	4.84934e+06	3
325343	4.84934e+06	1
325343	4.84934e+06	2
325345	4.84934e+06	3
325346	4.84934e+06	1
325346	4.84934e+06	4
325348	4.84934e+06	2
325349	4.84934e+06	3
325350	4.84934e+06	2
325351	4.84934e+06	3
325352	4.84934e+06	1
325352	4.84934e+06	2
325354	4.84934e+06	3
325354	4.84934e+06	2
325355	4.84934e+06	4
325355	4.84934e+06	1
325356	4.84934e+06	2
325357	4.84934e+06	3
325358	4.84934e+06	1
325359	4.84934e+06	2
325360	4.84934e+06	3
325361	4.84934e+06	1
325363	4.84934e+06	3
325364	4.84934e+06	4
325367	4.84934e+06	1
325367	4.84934e+06	3
325370	4.84934e+06	3
325371	4.84934e+06	1
325372	4.84934e+06	3
325372	4.84934e+06	4
325375	4.84934e+06	3
325377	4.84934e+06	1
325379	4.84934e+06	3
325381	4.84934e+06	4
325383	4.84934e+06	3
325385	4.84934e+06	1
325386	4.84934e+06	3
325388	4.84934e+06	1
325389	4.84934e+06	3
325390	4.84934e+06	4
325390	4.84934e+06	1
325394	4.84934e+06	3
325394	4.84934e+06	0
325396	4.84934e+06	1
325397	4.84934e+06	4
325397	4.84934e+06	0
325398	4.84934e+06	3
325400	4.84934e+06	1
325400	4.84934e+06	0
325403	4.84934e+06	4
325404	4.84934e+06	3
325407	4.84934e+06	3
325408	4.84934e+06	0
325410	4.84934e+06	4
325410	4.84934e+06	3
325415	4.84934e+06	3
325418	4.84934e+06	4
325418	4.84934e+06	0
325421	4.84934e+06	0
325422	4.84934e+06	3
325425	4.84934e+06	4
325426	4.84934e+06	2
325426	4.84934e+06	0
325428	4.84934e+06	2
325429	4.84934e+06	0
325431	4.84934e+06	2
325432	4.84934e+06	4
325433	4.84934e+06	0
325433	4.84934e+06	2
325436	4.84934e+06	0
325439	4.84934e+06	4
325440	4.84934e+06	0
325442	4.84934e+06	0
325444	4.84934e+06	0
325446	4.84934e+06	4
325455	4.84934e+06	4
325463	4.84934e+06	4
325470	4.84934e+06	4
325478	4.84934e+06	4
325485	4.84934e+06	4
325487	4.84934e+06	1
325489	4.84934e+06	1
325489	4.84934e+06	0
325492	4.84934e+06	0
325492	4.84934e+06	4
325492	4.84934e+06	1
325495	4.84934e+06	0
325496	4.84934e+06	1
325498	4.84934e+06	4
325498	4.84934e+06	0
325500	4.84934e+06	1
325501	4.84934e+06	0
325504	4.84934e+06	3
325505	4.84934e+06	4
325506	4.84934e+06	0
325507	4.84934e+06	3
325508	4.84934e+06	1
325508	4.84934e+06	0
325510	4.84934e+06	3
325510	4.84934e+06	1
325512	4.84934e+06	4
325513	4.84934e+06	1
325513	4.84934e+06	3
325516	4.84934e+06	1
325516	4.84934e+06	3
325516	4.84934e+06	0
325518	4.84934e+06	3
325519	4.84934e+06	4
325519	4.84934e+06	1
325520	4.84934e+06	0
325520	4.84934e+06	3
325521	4.84934e+06	2
325523	4.84934e+06	0
325525	4.84934e+06	2
325526	4.84934e+06	0
325526	4.84934e+06	1
325527	4.84934e+06	4
325527	4.84934e+06	2
325529	4.84934e+06	1
325529	4.84934e+06	0
325531	4.84934e+06	0
325531	4.84934e+06	1
325533	4.84934e+06	0
325534	4.84934e+06	1
325534	4.84934e+06	4
325536	4.84934e+06	0
325538	4.84934e+06	1
325541	4.84934e+06	0
325542	4.84934e+06	1
325542	4.84934e+06	4
325545	4.84934e+06	1
325548	4.84934e+06	1
325548	4.84934e+06	0
325548	4.84934e+06	4
325555	4.84934e+06	4
325557	4.84934e+06	0
325562	4.84934e+06	4
325562	4.84934e+06	3
325563	4.84934e+06	0
325565	4.84934e+06	0
325565	4.84934e+06	3
325568	4.84934e+06	3
325569	4.84934e+06	4
325572	4.84934e+06	3
325573	4.84934e+06	0
325574	4.84934e+06	3
325575	4.84934e+06	4
325581	4.84934e+06	0
325582	4.84934e+06	4
325583	4.84934e+06	0
325586	4.84934e+06	0
325588	4.84934e+06	0
325588	4.84934e+06	1
325589	4.84934e+06	4
325593	4.84934e+06	1
325595	4.84934e+06	4
325598	4.84934e+06	1
325601	4.84934e+06	1
325601	4.84934e+06	4
325608	4.84934e+06	4
325608	4.84934e+06	1
325609	4.84934e+06	2
325613	4.84934e+06	1
325613	4.84934e+06	2
325615	4.84934e+06	4
325616	4.84934e+06	1
325619	4.84934e+06	2
325620	4.84934e+06	0
325621	4.84934e+06	1
325622	4.84934e+06	4
325622	4.84934e+06	2
325623	4.84934e+06	0
325623	4.84934e+06	1
325624	4.84934e+06	2
325624	4.84934e+06	0
325626	4.84934e+06	1
325626	4.84934e+06	2
325627	4.84934e+06	0
325628	4.84934e+06	4
325628	4.84934e+06	2
325629	4.84934e+06	0
325631	4.84934e+06	1
325634	4.84934e+06	1
325635	4.84934e+06	0
325637	4.84934e+06	4
325645	4.84934e+06	0
325645	4.84934e+06	4
325654	4.84934e+06	4
325661	4.84934e+06	4
325664	4.84934e+06	2
325666	4.84934e+06	2
325667	4.84934e+06	4
325669	4.84934e+06	2
325671	4.84934e+06	1
325672	4.84934e+06	2
325673	4.84934e+06	1
325673	4.84934e+06	4
325677	4.84934e+06	1
325678	4.84934e+06	2
325680	4.84934e+06	4
325681	4.84934e+06	2
325682	4.84934e+06	0
325683	4.84934e+06	2
325686	4.84934e+06	2
325686	4.84934e+06	4
325687	4.84934e+06	0
325688	4.84934e+06	2
325689	4.84934e+06	0
325692	4.84934e+06	2
325693	4.84934e+06	0
325694	4.84934e+06	4
325695	4.84934e+06	0
325697	4.84934e+06	0
325697	4.84934e+06	2
325699	4.84934e+06	0
325700	4.84934e+06	4
325702	4.84934e+06	0
325704	4.84934e+06	2
325707	4.84934e+06	4
325707	4.84934e+06	2
325713	4.84934e+06	4
325719	4.84934e+06	4
325725	4.84934e+06	4
325728	4.84934e+06	1
325731	4.84934e+06	4
325737	4.84934e+06	4
325743	4.84934e+06	4
325750	4.84934e+06	4
325753	4.84934e+06	1
325755	4.84934e+06	1
325756	4.84934e+06	4
325757	4.84934e+06	1
325761	4.84934e+06	1
325761	4.84934e+06	4
325763	4.84934e+06	1
325765	4.84934e+06	1
325767	4.84934e+06	4
325767	4.84934e+06	1
325769	4.84934e+06	1
325772	4.84934e+06	1
325773	4.84934e+06	4
325774	4.84934e+06	1
