379911	0	-1
379948	1.04969e+07	1
379957	1.09353e+07	3
379958	7.30911e+06	1
379964	1.09284e+07	2
379965	1.09193e+07	0
379967	7.30911e+06	1
380075	7.30911e+06	1
380086	4.96958e+06	0
380098	4.23711e+06	1
380101	4.34093e+06	3
380107	2.83157e+06	1
380107	4.55374e+06	0
380121	3.35031e+06	3
380140	3.34735e+06	3
380157	3.33603e+06	3
380182	4.55205e+06	2
380210	3.0415e+06	3
380218	2.6576e+06	1
380221	3.51476e+06	2
380223	2.93839e+06	0
380314	2.59964e+06	0
380331	3.0415e+06	3
380334	2.59964e+06	0
380357	3.2279e+06	2
380383	2.6576e+06	1
380387	2.59964e+06	0
380408	2.59255e+06	0
380421	2.65548e+06	1
380455	2.59255e+06	0
380472	2.59255e+06	0
380500	2.65548e+06	1
380500	2.936e+06	3
380526	3.22449e+06	2
380571	2.41431e+06	3
380588	3.1794e+06	2
380593	2.55829e+06	0
380602	2.54895e+06	0
380613	2.54895e+06	0
380622	2.54895e+06	0
380626	2.65548e+06	1
380630	3.17915e+06	2
380637	2.65548e+06	1
380639	2.54895e+06	0
380662	2.54895e+06	0
380687	2.30003e+06	3
380710	2.30003e+06	3
380727	2.2714e+06	3
380738	2.27124e+06	3
380751	2.27124e+06	3
380780	2.27124e+06	3
380786	2.65548e+06	1
380789	2.27124e+06	3
380794	2.54674e+06	0
380815	2.27124e+06	3
380853	2.27124e+06	3
380859	2.27124e+06	3
380862	2.94945e+06	2
380873	2.27124e+06	3
380923	2.65548e+06	1
380930	2.54625e+06	0
380931	2.65548e+06	1
380942	2.54625e+06	0
380948	2.93574e+06	2
380949	2.54625e+06	0
380994	2.65548e+06	1
381006	2.65548e+06	1
381016	2.65548e+06	1
381028	2.65548e+06	1
381039	2.65548e+06	1
381043	2.83574e+06	2
381130	2.6639e+06	2
381208	2.60906e+06	2
381266	2.59395e+06	2
381298	2.59391e+06	2
381333	2.54058e+06	2
381352	2.53819e+06	2
381429	2.53819e+06	2
381471	2.53819e+06	2
381506	2.53819e+06	2
381561	2.53819e+06	2
