377855	0	-1
377907	1.09297e+07	2
377908	1.10943e+07	1
377909	1.09399e+07	3
377921	1.13205e+07	0
377925	7.76537e+06	1
377943	5.82901e+06	1
377949	5.75633e+06	1
377971	4.90875e+06	1
378010	1.09399e+07	3
378017	6.49193e+06	2
378023	1.13205e+07	0
378033	6.01669e+06	3
378047	6.03122e+06	2
378050	5.45656e+06	3
378052	5.85213e+06	2
378067	3.83291e+06	3
378077	4.48429e+06	1
378131	5.10033e+06	2
378141	3.5489e+06	2
378145	3.75905e+06	3
378146	4.42462e+06	1
378150	1.13205e+07	0
378152	3.75905e+06	3
378158	4.42112e+06	1
378160	3.74613e+06	3
378168	3.74613e+06	3
378185	3.68081e+06	3
378193	3.67831e+06	3
378209	4.38728e+06	1
378218	4.22875e+06	1
378225	3.67831e+06	3
378227	4.22875e+06	1
378229	3.49383e+06	2
378233	4.22875e+06	1
378234	3.47377e+06	2
378236	3.67616e+06	3
378238	3.47377e+06	2
378243	4.22875e+06	1
378247	3.47377e+06	2
378251	3.47377e+06	2
378269	9.98007e+06	0
378274	8.69544e+06	0
378287	6.74641e+06	0
378322	3.23528e+06	3
378328	3.40775e+06	2
378328	3.23528e+06	3
378335	4.22875e+06	1
378340	3.23528e+06	3
378340	4.97936e+06	0
378347	3.23528e+06	3
378362	4.8961e+06	0
378364	3.23528e+06	3
378372	3.23528e+06	3
378374	3.47926e+06	1
378379	3.23528e+06	3
378383	3.46662e+06	1
378387	3.34093e+06	2
378395	3.34093e+06	2
378398	3.29725e+06	2
378402	3.29725e+06	2
378428	4.66148e+06	0
378436	3.46347e+06	1
378441	3.29725e+06	2
378442	3.43747e+06	1
378479	4.65573e+06	0
378501	3.42455e+06	1
378504	3.27689e+06	2
378535	3.27689e+06	2
378540	3.27689e+06	2
378543	4.22691e+06	0
378545	3.4226e+06	1
378553	4.20478e+06	0
378559	4.20026e+06	0
378594	4.20026e+06	0
378633	4.02398e+06	0
378655	4.02398e+06	0
378702	3.9514e+06	0
378706	3.91692e+06	0
378709	3.91692e+06	0
378738	3.8489e+06	0
