322853	0	-1
322892	1.09246e+07	0
322902	1.09392e+07	2
322902	1.09321e+07	1
322905	1.10419e+07	3
322916	6.04563e+06	1
322980	8.04057e+06	3
322997	1.09392e+07	2
323018	1.09246e+07	0
323040	6.04493e+06	0
323074	4.0044e+06	1
323084	3.96464e+06	1
323117	4.47209e+06	0
323196	3.46969e+06	0
323222	6.81118e+06	3
323223	3.96464e+06	1
323297	6.04493e+06	2
323363	3.955e+06	2
323384	6.81118e+06	3
323386	3.26074e+06	1
323405	3.23449e+06	0
323450	3.19671e+06	0
323470	3.76003e+06	2
323484	3.26074e+06	1
323491	3.21045e+06	1
323527	4.5061e+06	3
323573	3.21553e+06	2
323575	3.19671e+06	0
323580	3.2033e+06	2
323589	3.21045e+06	1
323592	3.2033e+06	2
323621	3.16774e+06	3
323636	3.163e+06	3
323638	2.98507e+06	2
323639	3.19671e+06	0
323645	3.15077e+06	3
323654	2.96383e+06	3
323678	3.21045e+06	1
323685	3.16711e+06	1
323692	2.96383e+06	1
323696	3.19671e+06	0
323701	2.96383e+06	1
323712	2.96383e+06	1
323719	2.96382e+06	1
323731	2.95325e+06	2
323737	2.96382e+06	1
323756	2.95325e+06	3
323794	3.19671e+06	0
323803	2.94011e+06	0
323823	2.95098e+06	1
323843	2.95325e+06	2
323855	2.93876e+06	2
323863	2.93876e+06	2
323875	2.92744e+06	1
323875	2.93876e+06	2
323879	2.92744e+06	1
323882	2.92744e+06	2
323886	2.92744e+06	1
323894	2.92744e+06	2
323896	2.94011e+06	0
323900	2.92744e+06	2
323906	2.92744e+06	2
323915	2.92744e+06	2
323920	2.92744e+06	2
323933	2.95325e+06	3
323939	2.92744e+06	3
323944	2.92744e+06	3
323949	2.92744e+06	3
323949	2.94011e+06	0
323955	2.92744e+06	0
323956	2.92744e+06	3
323960	2.92744e+06	3
323960	2.92744e+06	0
324046	2.92744e+06	3
324052	2.92744e+06	3
324056	2.92744e+06	3
324059	2.92744e+06	0
324064	2.92744e+06	0
324065	2.92744e+06	3
324099	2.92744e+06	0
