310542	0	-1
310572	1.04938e+07	0
310587	7.95638e+06	0
310588	1.09295e+07	1
310589	1.12139e+07	3
310590	7.90619e+06	0
310591	1.09387e+07	2
310595	7.90619e+06	0
310598	7.37769e+06	2
310623	8.46283e+06	1
310701	7.805e+06	0
310702	5.79444e+06	3
310808	5.99849e+06	2
310847	6.02001e+06	1
310856	4.8955e+06	1
310872	4.59977e+06	1
310915	4.71221e+06	3
310917	4.35736e+06	0
310931	4.08364e+06	0
310934	5.99849e+06	2
311009	4.10939e+06	1
311016	3.71033e+06	0
311018	3.5978e+06	1
311020	4.6059e+06	2
311022	4.00768e+06	3
311028	3.5978e+06	1
311039	3.81389e+06	3
311138	4.6059e+06	2
311142	4.29902e+06	2
311148	4.29901e+06	2
311156	3.62806e+06	0
311207	3.35131e+06	1
311213	2.83873e+06	0
311214	3.15096e+06	1
311242	2.68039e+06	1
311252	2.7344e+06	0
311253	3.49021e+06	3
311268	2.73641e+06	3
311277	2.69508e+06	3
311311	2.68039e+06	1
311316	2.67438e+06	0
311336	2.6107e+06	0
311341	3.15365e+06	2
311355	2.6107e+06	0
311364	2.68923e+06	2
311367	2.51781e+06	1
311374	2.44351e+06	1
311388	2.38596e+06	1
311395	2.59476e+06	0
311397	2.37909e+06	1
311405	2.37909e+06	1
311407	2.59262e+06	0
311418	2.63937e+06	3
311426	2.61985e+06	3
311430	2.58438e+06	0
311440	2.37909e+06	0
311458	2.61838e+06	3
311468	2.37909e+06	3
311472	2.55606e+06	2
311476	2.37909e+06	2
311484	2.35667e+06	3
311489	2.35663e+06	3
311494	2.35663e+06	3
311494	2.37909e+06	0
311500	2.37909e+06	0
311501	2.35663e+06	3
311502	2.35722e+06	1
311506	2.35718e+06	1
311508	2.37904e+06	2
311513	2.35663e+06	1
311553	2.37904e+06	2
311561	2.35663e+06	2
311572	2.35663e+06	2
311579	2.35663e+06	2
311586	2.35663e+06	2
311586	2.35663e+06	3
311590	2.35663e+06	3
311606	2.35663e+06	3
311613	2.35663e+06	3
311647	2.35663e+06	2
