290590	0	-1
290622	1.09372e+07	0
290624	7.34611e+06	0
290629	5.77809e+06	0
290631	5.77809e+06	0
290633	5.77809e+06	0
290635	5.77809e+06	0
290637	5.77809e+06	0
290641	5.77809e+06	0
290643	5.76484e+06	0
290645	5.74868e+06	0
290647	5.68826e+06	0
290649	5.68826e+06	0
290651	5.68826e+06	0
290653	5.68826e+06	0
290657	5.68826e+06	0
290659	5.68826e+06	0
290661	5.68826e+06	0
290663	5.4739e+06	0
290665	5.4739e+06	0
290668	4.86707e+06	0
290672	4.86707e+06	0
290674	4.86707e+06	0
290675	4.86475e+06	0
290677	4.86475e+06	0
290679	4.86475e+06	0
290683	4.83522e+06	0
290685	4.83522e+06	0
290687	4.83522e+06	0
290689	4.83522e+06	0
290691	4.83442e+06	0
290693	4.83442e+06	0
290695	4.83442e+06	0
290697	4.83442e+06	0
290699	4.83442e+06	0
290719	4.83442e+06	0
290722	4.83442e+06	0
290724	4.83442e+06	0
290726	4.83442e+06	0
290728	4.83442e+06	0
290730	4.83442e+06	0
290733	4.83442e+06	0
290737	4.83442e+06	0
290741	4.83442e+06	0
290743	4.83442e+06	0
290745	4.83442e+06	0
290747	4.83442e+06	0
290751	4.83442e+06	0
290752	4.83442e+06	0
290754	4.83442e+06	0
290756	4.83442e+06	0
290758	4.83442e+06	0
290779	4.83442e+06	0
290781	4.83442e+06	0
290783	4.83442e+06	0
290785	4.83442e+06	0
290787	4.83442e+06	0
290790	4.83442e+06	0
290792	4.83442e+06	0
290794	4.83442e+06	0
290796	4.83442e+06	0
290798	4.83442e+06	0
290800	4.83442e+06	0
290802	4.83442e+06	0
290803	4.83442e+06	0
290805	4.83442e+06	0
290807	4.83442e+06	0
290809	4.83442e+06	0
290813	4.83442e+06	0
290815	4.83442e+06	0
290817	4.83442e+06	0
290821	4.83442e+06	0
290824	4.83442e+06	0
290826	4.83442e+06	0
290828	4.83442e+06	0
290830	4.83442e+06	0
290832	4.83442e+06	0
290836	4.83442e+06	0
290839	4.83442e+06	0
290841	4.83442e+06	0
290843	4.83442e+06	0
290845	4.83442e+06	0
290847	4.83442e+06	0
290849	4.83442e+06	0
290853	4.83442e+06	0
290856	4.83442e+06	0
290858	4.83442e+06	0
290860	4.83442e+06	0
290861	4.83442e+06	0
290864	4.83442e+06	0
290865	4.83442e+06	0
290868	4.83442e+06	0
290870	4.83442e+06	0
290872	4.83442e+06	0
290874	4.83442e+06	0
290878	4.83442e+06	0
290881	4.83442e+06	0
290884	4.83442e+06	0
290886	4.83442e+06	0
290888	4.83442e+06	0
290890	4.83442e+06	0
290894	4.83442e+06	0
290896	4.83442e+06	0
290898	4.83442e+06	0
290900	4.83442e+06	0
290921	4.83442e+06	0
290924	4.83442e+06	0
290946	4.83442e+06	0
290948	4.83442e+06	0
290950	4.83442e+06	0
290952	4.83442e+06	0
290954	4.83442e+06	0
290957	4.83442e+06	0
290960	4.83442e+06	0
290962	4.83442e+06	0
290964	4.83442e+06	0
290966	4.83442e+06	0
290968	4.83442e+06	0
290970	4.83442e+06	0
290972	4.83442e+06	0
290974	4.83442e+06	0
290976	4.83442e+06	0
290978	4.83442e+06	0
290980	4.83442e+06	0
290982	4.83442e+06	0
290984	4.83442e+06	0
290986	4.83442e+06	0
290991	4.83442e+06	0
290993	4.83442e+06	0
290995	4.83442e+06	0
290998	4.83442e+06	0
291000	4.83442e+06	0
291003	4.83442e+06	0
291005	4.83442e+06	0
291007	4.83442e+06	0
291010	4.83442e+06	0
291012	4.83442e+06	0
291034	4.83442e+06	0
291036	4.83442e+06	0
291039	4.83442e+06	0
291061	4.83442e+06	0
291064	4.83442e+06	0
291065	4.83442e+06	0
291070	4.83442e+06	0
291074	4.83442e+06	0
291077	4.83442e+06	0
291079	4.83442e+06	0
291101	4.83442e+06	0
291104	4.83442e+06	0
291108	4.83442e+06	0
291109	4.83442e+06	0
291112	4.83442e+06	0
291114	4.83442e+06	0
291115	4.83442e+06	0
291120	4.83442e+06	0
291122	4.83442e+06	0
291123	4.83442e+06	0
291125	4.83442e+06	0
291127	4.83442e+06	0
291129	4.83442e+06	0
291132	4.83442e+06	0
291134	4.83442e+06	0
291136	4.83442e+06	0
291139	4.83442e+06	0
291141	4.83442e+06	0
291145	4.83442e+06	0
291147	4.83442e+06	0
291149	4.83442e+06	0
291150	4.83442e+06	0
291171	4.83442e+06	0
291174	4.83442e+06	0
291175	4.83442e+06	0
291178	4.83442e+06	0
291179	4.83442e+06	0
291183	4.83442e+06	0
291185	4.83442e+06	0
291189	4.83442e+06	0
291191	4.83442e+06	0
291194	4.83442e+06	0
291197	4.83442e+06	0
291200	4.83442e+06	0
291201	4.83442e+06	0
291203	4.83442e+06	0
291205	4.83442e+06	0
291209	4.83442e+06	0
291211	4.83442e+06	0
291213	4.83442e+06	0
291214	4.83442e+06	0
291216	4.83442e+06	0
291220	4.83442e+06	0
291223	4.83442e+06	0
291224	4.83442e+06	0
291226	4.83442e+06	0
291228	4.83442e+06	0
291232	4.83442e+06	0
291234	4.83442e+06	0
291236	4.83442e+06	0
291238	4.83442e+06	0
291240	4.83442e+06	0
291243	4.83442e+06	0
291245	4.83442e+06	0
291249	4.83442e+06	0
291251	4.83442e+06	0
291253	4.83442e+06	0
291255	4.83442e+06	0
291257	4.83442e+06	0
291259	4.83442e+06	0
291261	4.83442e+06	0
291265	4.83442e+06	0
291267	4.83442e+06	0
291269	4.83442e+06	0
291271	4.83442e+06	0
291273	4.83442e+06	0
291275	4.83442e+06	0
291278	4.83442e+06	0
291280	4.83442e+06	0
291282	4.83442e+06	0
291284	4.83442e+06	0
291288	4.83442e+06	0
291290	4.83442e+06	0
291292	4.83442e+06	0
291294	4.83442e+06	0
291296	4.83442e+06	0
291317	4.83442e+06	0
291319	4.83442e+06	0
291321	4.83442e+06	0
291323	4.83442e+06	0
291325	4.83442e+06	0
291327	4.83442e+06	0
291329	4.83442e+06	0
291332	4.83442e+06	0
291335	4.83442e+06	0
291338	4.83442e+06	0
291340	4.83442e+06	0
291343	4.83442e+06	0
291345	4.83442e+06	0
291347	4.83442e+06	0
291349	4.83442e+06	0
291351	4.83442e+06	0
291353	4.83442e+06	0
291356	4.83442e+06	0
291358	4.83442e+06	0
291360	4.83442e+06	0
291362	4.83442e+06	0
291365	4.83442e+06	0
291368	4.83442e+06	0
291372	4.83442e+06	0
291374	4.83442e+06	0
291376	4.83442e+06	0
291397	4.83442e+06	0
291401	4.83442e+06	0
291403	4.83442e+06	0
291405	4.83442e+06	0
291407	4.83442e+06	0
291410	4.83442e+06	0
291411	4.83442e+06	0
291413	4.83442e+06	0
291434	4.83442e+06	0
291437	4.83442e+06	0
291438	4.83442e+06	0
291440	4.83442e+06	0
291443	4.83442e+06	0
291447	4.83442e+06	0
291449	4.83442e+06	0
291452	4.83442e+06	0
291453	4.83442e+06	0
291457	4.83442e+06	0
291460	4.83442e+06	0
291464	4.83442e+06	0
291469	4.83442e+06	0
291472	4.83442e+06	0
291474	4.83442e+06	0
291476	4.83442e+06	0
291479	4.83442e+06	0
291481	4.83442e+06	0
291502	4.83442e+06	0
291504	4.83442e+06	0
291508	4.83442e+06	0
291529	4.83442e+06	0
291531	4.83442e+06	0
291535	4.83442e+06	0
291539	4.83442e+06	0
291541	4.83442e+06	0
291545	4.83442e+06	0
291547	4.83442e+06	0
291549	4.83442e+06	0
291551	4.83442e+06	0
291553	4.83442e+06	0
291574	4.83442e+06	0
291576	4.83442e+06	0
291578	4.83442e+06	0
291581	4.83442e+06	0
291583	4.83442e+06	0
291585	4.83442e+06	0
291587	4.83442e+06	0
291589	4.83442e+06	0
291593	4.83442e+06	0
291595	4.83442e+06	0
291598	4.83442e+06	0
291600	4.83442e+06	0
291620	4.83442e+06	0
