426437	0	-1
426476	1.09279e+07	0
426482	1.1059e+07	2
426483	1.09211e+07	1
426510	6.04069e+06	2
426524	8.46041e+06	0
426529	7.75731e+06	0
426536	7.33103e+06	1
426537	7.743e+06	0
426540	6.99654e+06	1
426547	6.33469e+06	1
426561	6.04069e+06	2
426575	4.34504e+06	2
426614	5.95755e+06	0
426622	4.82845e+06	0
426626	4.30618e+06	0
426632	5.30293e+06	1
426638	4.38976e+06	1
426649	3.38765e+06	0
426659	3.27992e+06	0
426679	4.34531e+06	1
426682	4.34531e+06	1
426683	4.2883e+06	2
426690	3.16499e+06	2
426726	3.26047e+06	0
426730	3.25757e+06	0
426732	3.00438e+06	2
426733	3.23586e+06	0
426737	2.9788e+06	2
426737	3.23586e+06	0
426743	2.9788e+06	2
426747	3.14653e+06	0
426748	2.9788e+06	2
426759	2.87702e+06	2
426765	2.5365e+06	2
426785	4.34531e+06	1
426790	2.52248e+06	1
426795	2.52248e+06	1
426802	2.52248e+06	1
426804	2.9788e+06	0
426808	2.52248e+06	1
426808	2.413e+06	2
426809	2.9788e+06	0
426813	2.413e+06	2
426814	2.52248e+06	1
426818	2.7942e+06	0
426819	2.4075e+06	2
426820	2.4075e+06	1
426821	2.4075e+06	2
426824	2.4075e+06	1
426824	2.7942e+06	0
426827	2.4075e+06	2
426828	2.4075e+06	1
426832	2.79216e+06	0
426833	2.4075e+06	2
426836	2.4075e+06	0
426836	2.4075e+06	2
426836	2.4075e+06	1
426840	2.4075e+06	0
426840	2.4075e+06	2
426841	2.4075e+06	1
426842	2.4075e+06	0
426843	2.4075e+06	1
426844	2.4075e+06	2
426845	2.4075e+06	0
426847	2.4075e+06	2
426848	2.4075e+06	0
426849	2.4075e+06	1
426850	2.4075e+06	2
426853	2.4075e+06	0
426857	2.4075e+06	0
426857	2.4004e+06	2
426857	2.4075e+06	1
426860	2.4075e+06	0
426861	2.4075e+06	1
426861	2.32341e+06	2
426864	2.4075e+06	1
426866	2.32341e+06	0
426867	2.32341e+06	1
426868	2.32341e+06	2
426872	2.32293e+06	0
426875	2.32293e+06	2
426876	2.32341e+06	1
426877	2.32293e+06	0
426881	2.32293e+06	0
426881	2.31743e+06	1
426881	2.32293e+06	2
426885	2.31743e+06	1
426885	2.32293e+06	0
426889	2.32293e+06	0
426889	2.31743e+06	1
426890	2.29847e+06	2
426892	2.31743e+06	1
426893	2.32293e+06	0
426893	2.29297e+06	2
426897	2.29297e+06	0
426897	2.31743e+06	1
426900	2.31743e+06	1
426901	2.29297e+06	2
426902	2.29297e+06	0
426907	2.29297e+06	2
426907	2.29297e+06	0
426910	2.29297e+06	0
426911	2.29297e+06	1
426912	2.29297e+06	0
426914	2.29297e+06	2
426914	2.29297e+06	1
426914	2.29297e+06	0
426917	2.29297e+06	1
426920	2.29297e+06	0
426920	2.29297e+06	1
426924	2.29297e+06	2
426927	2.29297e+06	0
426928	2.29297e+06	2
426929	2.29297e+06	1
426933	2.29297e+06	0
426935	2.29297e+06	2
426936	2.29297e+06	1
426938	2.29297e+06	0
426941	2.29297e+06	1
426941	2.29297e+06	2
426942	2.29297e+06	0
426943	2.29297e+06	1
426946	2.29297e+06	2
426947	2.29297e+06	0
426947	2.29297e+06	1
426951	2.29297e+06	2
426952	2.29297e+06	0
426952	2.29297e+06	1
426954	2.29297e+06	2
426956	2.29297e+06	1
426957	2.29297e+06	2
426957	2.29297e+06	0
426960	2.29297e+06	0
426961	2.29297e+06	2
426963	2.29297e+06	0
426963	2.29297e+06	1
426966	2.29297e+06	1
426967	2.29297e+06	2
426971	2.29297e+06	1
426973	2.29297e+06	2
426975	2.29297e+06	2
426975	2.29297e+06	1
426978	2.29297e+06	1
