378753	0	-1
378801	1.09293e+07	1
378802	1.09343e+07	3
378805	1.09369e+07	2
378809	1.09176e+07	0
378909	1.09293e+07	1
378944	1.09176e+07	0
378949	7.63515e+06	3
378954	4.93829e+06	1
378970	7.2524e+06	3
378981	4.45878e+06	1
378993	5.70588e+06	2
379023	2.93346e+06	1
379030	2.93346e+06	1
379035	6.04754e+06	3
379048	6.25313e+06	0
379051	2.92084e+06	1
379056	5.13624e+06	0
379059	2.84932e+06	1
379067	5.13624e+06	0
379067	2.84832e+06	1
379092	5.94274e+06	3
379102	5.26327e+06	2
379119	5.17532e+06	2
379134	2.69431e+06	1
379135	5.82568e+06	3
379136	5.13624e+06	0
379176	4.60951e+06	2
379187	4.08293e+06	2
379214	5.13624e+06	0
379223	5.82481e+06	3
379227	5.13624e+06	0
379231	2.69431e+06	1
379233	4.08116e+06	2
379241	4.07853e+06	2
379254	2.63032e+06	1
379274	4.53887e+06	0
379275	5.76531e+06	3
379275	2.60628e+06	1
379277	4.0417e+06	2
379283	4.46595e+06	0
379293	4.46595e+06	0
379299	4.46595e+06	0
379307	2.60415e+06	1
379309	4.41051e+06	0
379329	4.41051e+06	0
379340	4.41051e+06	0
379342	2.60415e+06	1
379356	4.41051e+06	0
379388	3.63774e+06	2
379399	2.4417e+06	1
379404	5.76531e+06	3
379409	2.4417e+06	1
379412	3.52539e+06	2
379414	2.44157e+06	1
379442	4.26399e+06	0
379524	5.76531e+06	3
379532	2.44031e+06	1
379533	3.51353e+06	2
379550	4.25558e+06	0
379550	2.44031e+06	1
379552	3.48793e+06	2
379557	3.48793e+06	2
379585	4.72055e+06	3
379600	4.25558e+06	0
379608	4.72055e+06	3
379610	4.25558e+06	0
379622	3.47149e+06	2
379654	3.47149e+06	2
379661	3.47149e+06	2
379671	3.47149e+06	2
379708	4.72055e+06	3
379719	3.47149e+06	2
379727	4.72024e+06	3
379735	3.47149e+06	2
379776	4.72024e+06	3
379797	4.72024e+06	3
379814	4.71628e+06	3
379871	4.71628e+06	3
