415891	0	-1
415916	1.04843e+07	1
415916	1.04877e+07	0
415953	6.7694e+06	0
415969	8.37918e+06	1
415973	8.32807e+06	1
415973	4.48909e+06	0
415982	7.24431e+06	1
416012	4.31684e+06	0
416031	7.24431e+06	1
416039	3.03748e+06	1
416045	3.02578e+06	1
416050	2.9996e+06	1
416053	2.9996e+06	1
416057	4.29413e+06	0
416064	4.29413e+06	0
416068	4.28916e+06	0
416073	4.28916e+06	0
416099	2.9996e+06	1
416104	2.9996e+06	1
416108	4.27132e+06	0
416135	2.98821e+06	1
416140	2.98821e+06	1
416145	2.88719e+06	1
416172	2.84628e+06	0
416194	2.88719e+06	1
416199	2.88719e+06	1
416203	2.84015e+06	1
416209	2.84015e+06	1
416213	2.84015e+06	1
416224	2.75269e+06	0
416227	2.75269e+06	0
416231	2.76874e+06	1
416233	2.76874e+06	1
416235	2.75269e+06	0
416237	2.76874e+06	1
416237	2.75269e+06	0
416240	2.76874e+06	1
416243	2.76874e+06	1
416266	2.75269e+06	0
416271	2.76874e+06	1
416272	2.72989e+06	0
416277	2.72989e+06	0
416277	2.76874e+06	1
416280	2.72989e+06	0
416280	2.76853e+06	1
416284	2.76853e+06	1
416290	2.76853e+06	1
416290	2.72989e+06	0
416311	2.72989e+06	0
416318	2.71374e+06	1
416319	2.72989e+06	0
416325	2.72989e+06	0
416332	2.72989e+06	0
416333	2.71374e+06	1
416336	2.72978e+06	0
416339	2.71302e+06	1
416360	2.71069e+06	0
416361	2.71287e+06	1
416363	2.70491e+06	0
416365	2.68949e+06	1
416368	2.68949e+06	1
416369	2.70491e+06	0
416372	2.68949e+06	1
416375	2.70491e+06	0
416376	2.68949e+06	1
416378	2.70491e+06	0
416381	2.70491e+06	0
416382	2.68949e+06	1
416384	2.70491e+06	0
416385	2.68949e+06	1
416389	2.68949e+06	1
416389	2.70491e+06	0
416392	2.68949e+06	1
416393	2.70491e+06	0
416398	2.68949e+06	1
416398	2.70491e+06	0
416403	2.68949e+06	1
416410	2.68949e+06	1
416414	2.68949e+06	1
416417	2.70491e+06	0
416421	2.70491e+06	0
416421	2.68949e+06	1
416424	2.70491e+06	0
416426	2.68949e+06	1
416427	2.70491e+06	0
416429	2.68949e+06	1
416430	2.70491e+06	0
416438	2.70491e+06	0
416446	2.70491e+06	0
416448	2.68949e+06	1
416452	2.70491e+06	0
416457	2.68949e+06	1
416477	2.70491e+06	0
416482	2.70491e+06	0
416485	2.70491e+06	0
416487	2.70491e+06	0
