338723	0	-1
338768	1.0931e+07	2
338771	1.09284e+07	0
338772	1.09305e+07	3
338773	1.09384e+07	1
338778	6.25435e+06	0
338779	6.63358e+06	2
338782	6.04993e+06	1
338810	6.63358e+06	2
338821	4.65166e+06	0
338823	5.65842e+06	1
338827	5.65842e+06	1
338829	6.36184e+06	2
338831	4.43845e+06	0
338831	5.65842e+06	1
338833	7.36477e+06	3
338834	6.36184e+06	2
338835	4.38524e+06	0
338835	5.48813e+06	1
338839	5.59904e+06	2
338840	5.48813e+06	1
338844	4.38524e+06	0
338847	5.59904e+06	2
338853	3.89293e+06	1
338854	5.59904e+06	2
338861	3.87065e+06	1
338862	4.37374e+06	0
338866	7.36477e+06	3
338868	4.35458e+06	0
338873	4.35358e+06	0
338874	5.06007e+06	2
338877	4.35358e+06	0
338880	4.56573e+06	2
338892	4.35358e+06	0
338899	4.35358e+06	0
338905	4.56573e+06	2
338905	4.35358e+06	0
338906	3.83861e+06	1
338908	4.35358e+06	0
338908	3.81742e+06	1
338910	4.56363e+06	2
338911	3.81742e+06	1
338916	3.76012e+06	0
338916	4.56363e+06	2
338930	3.72718e+06	0
338936	3.72718e+06	0
338941	3.72718e+06	0
338948	3.72718e+06	0
338951	3.72718e+06	0
338954	4.37203e+06	2
338956	7.36477e+06	3
338963	3.72718e+06	0
338966	3.80498e+06	1
338969	3.72718e+06	0
338971	3.80498e+06	1
338972	3.72486e+06	0
338974	3.72486e+06	0
338977	3.76991e+06	1
338979	3.72486e+06	0
338981	3.76991e+06	1
338983	3.72486e+06	0
338984	6.64387e+06	3
338984	4.37203e+06	2
338985	3.76991e+06	1
338986	6.30189e+06	3
338989	3.76991e+06	1
338991	4.36653e+06	2
338991	3.72486e+06	0
339004	4.36653e+06	2
339009	3.72486e+06	0
339010	4.36653e+06	2
339012	3.72406e+06	0
339013	4.35523e+06	2
339016	3.72406e+06	0
339019	4.32343e+06	2
339028	4.32343e+06	2
339033	4.32343e+06	2
339036	3.72406e+06	0
339036	3.76991e+06	1
339048	3.76991e+06	1
339057	6.30189e+06	3
339074	4.32343e+06	2
339075	3.72406e+06	0
339081	4.32343e+06	2
339081	6.30189e+06	3
339085	3.72406e+06	0
339085	4.32343e+06	2
339085	6.30189e+06	3
339087	3.72406e+06	0
339088	4.32343e+06	2
339092	3.72406e+06	0
339096	4.32343e+06	2
339101	6.30189e+06	3
339101	3.76991e+06	1
339104	3.72406e+06	0
339106	3.76991e+06	1
339107	5.56713e+06	3
339108	4.32343e+06	2
339111	3.72406e+06	0
339112	4.32343e+06	2
339117	4.32343e+06	2
339117	3.72406e+06	0
339121	4.32343e+06	2
339123	5.53145e+06	3
339129	4.32343e+06	2
339129	3.72406e+06	0
339132	4.32343e+06	2
339135	3.76991e+06	1
339137	3.72406e+06	0
339140	3.72406e+06	0
339143	3.76991e+06	1
339145	3.72406e+06	0
339147	3.76991e+06	1
339152	3.76991e+06	1
339154	5.53145e+06	3
339154	3.724e+06	0
339155	3.76991e+06	1
339157	3.724e+06	0
339161	5.49929e+06	3
339163	3.76991e+06	1
339164	3.724e+06	0
339169	3.724e+06	0
339176	3.724e+06	0
339180	3.724e+06	0
339187	3.724e+06	0
339191	3.724e+06	0
339208	4.32343e+06	2
339211	4.32343e+06	2
339214	5.37552e+06	3
339216	4.32343e+06	2
339224	5.35801e+06	3
339230	5.35572e+06	3
339231	3.76991e+06	1
339233	5.35358e+06	3
339239	5.35358e+06	3
339241	3.76991e+06	1
339245	5.35358e+06	3
339248	3.76991e+06	1
339249	4.32343e+06	2
339251	3.76991e+06	1
339253	3.76991e+06	1
339255	4.32343e+06	2
339260	3.76991e+06	1
339266	3.76991e+06	1
339270	3.76991e+06	1
339274	3.76991e+06	1
339275	5.35358e+06	3
339277	3.76991e+06	1
339279	3.76991e+06	1
339280	5.34852e+06	3
339284	5.34852e+06	3
339284	3.76991e+06	1
339287	3.76991e+06	1
339289	5.34852e+06	3
339310	3.76991e+06	1
339325	5.34852e+06	3
339325	4.32343e+06	2
339328	5.34852e+06	3
339334	5.34852e+06	3
339338	4.32343e+06	2
339339	5.34852e+06	3
339339	3.76991e+06	1
339347	5.34852e+06	3
339361	3.76991e+06	1
339372	3.76991e+06	1
339374	5.34852e+06	3
339375	3.76991e+06	1
339378	3.76991e+06	1
339378	5.34852e+06	3
339384	5.34852e+06	3
339388	5.34852e+06	3
339393	4.32343e+06	2
339397	4.32343e+06	2
339397	5.34852e+06	3
339400	5.34852e+06	3
339404	4.32343e+06	2
339405	5.34852e+06	3
339405	3.76991e+06	1
339409	4.32343e+06	2
339412	4.32343e+06	2
339418	4.32343e+06	2
339439	3.76991e+06	1
339441	3.76991e+06	1
339478	5.34852e+06	3
339480	5.34852e+06	3
339484	5.34852e+06	3
339484	4.32343e+06	2
339488	4.32343e+06	2
339493	4.32343e+06	2
339495	5.34852e+06	3
339498	4.32343e+06	2
339503	5.34852e+06	3
339520	5.34852e+06	3
339526	5.34852e+06	3
339531	5.34852e+06	3
339535	5.34852e+06	3
339557	5.34852e+06	3
