383651	0	-1
383688	1.06331e+07	0
383694	1.10865e+07	1
383697	1.09247e+07	3
383698	1.09366e+07	2
383838	1.06331e+07	0
383860	1.09366e+07	2
383862	1.10865e+07	1
383875	4.60515e+06	3
383950	2.75328e+06	3
383997	9.00038e+06	1
384003	2.74216e+06	3
384028	1.09366e+07	2
384032	6.64016e+06	0
384037	2.37665e+06	3
384058	2.29672e+06	3
384100	2.29672e+06	3
384115	2.29672e+06	3
384149	5.88652e+06	0
384159	2.29672e+06	3
384184	2.29672e+06	3
384189	3.62684e+06	1
384205	5.7688e+06	0
384238	1.09366e+07	2
384279	5.62624e+06	0
384351	3.52332e+06	1
384362	5.57834e+06	0
384400	5.57234e+06	0
384429	5.63199e+06	2
384488	3.27776e+06	1
384499	5.55911e+06	0
384549	3.52514e+06	2
384609	2.83827e+06	1
384641	5.55911e+06	0
384648	2.74115e+06	1
384659	3.50332e+06	2
384697	2.74115e+06	1
384721	2.67431e+06	1
384723	3.26233e+06	2
384782	2.6516e+06	2
384829	2.62542e+06	2
