416512	0	-1
416581	1.04824e+07	6
416597	7.2937e+06	6
416603	1.09366e+07	5
416604	1.09342e+07	7
416605	1.09261e+07	0
416608	1.09311e+07	4
416609	1.09348e+07	3
416611	1.09292e+07	2
416617	6.06103e+06	5
416625	6.26294e+06	2
416625	7.36484e+06	4
416626	7.33222e+06	0
416633	5.76301e+06	5
416635	1.14328e+07	1
416636	7.02591e+06	4
416642	7.33222e+06	0
416644	7.02591e+06	4
416646	7.36751e+06	3
416654	4.45054e+06	2
416664	4.43352e+06	2
416679	5.73425e+06	3
416681	7.8378e+06	1
416706	3.55759e+06	6
416707	5.54786e+06	5
416729	7.26119e+06	0
416733	7.71177e+06	7
416741	7.305e+06	7
416748	5.28978e+06	3
416756	7.24488e+06	7
416764	2.98887e+06	6
416836	7.0772e+06	1
416852	7.0772e+06	1
416935	4.73309e+06	4
416953	3.49626e+06	2
416961	3.08262e+06	4
416969	3.05371e+06	4
416985	3.03387e+06	4
416989	2.94876e+06	4
416993	3.49626e+06	2
417001	2.94823e+06	5
417014	2.91395e+06	0
417025	2.87407e+06	0
417049	2.88401e+06	5
417049	2.72411e+06	2
417056	2.68257e+06	2
417061	2.88401e+06	5
417061	2.68257e+06	2
417068	2.72562e+06	5
417069	3.41121e+06	7
417070	2.94919e+06	3
417073	2.69096e+06	5
417078	2.72356e+06	0
417080	3.35988e+06	7
417082	2.74583e+06	6
417087	3.33641e+06	7
417089	2.66273e+06	2
417090	2.68689e+06	0
417094	2.72443e+06	6
417104	2.66087e+06	0
417111	2.70775e+06	6
417115	2.65991e+06	2
417119	2.69098e+06	6
417124	2.69098e+06	6
417125	2.73414e+06	3
417126	2.72515e+06	7
417135	2.69754e+06	7
417146	2.61352e+06	3
417147	2.63596e+06	2
417168	2.55368e+06	3
417172	2.8122e+06	1
417175	2.54278e+06	3
417176	2.63596e+06	2
417177	2.68257e+06	5
417180	2.63596e+06	2
417185	2.63571e+06	0
417192	2.6793e+06	5
417199	2.81137e+06	1
417200	2.60001e+06	7
417204	2.63548e+06	6
417209	2.60001e+06	7
417211	2.57926e+06	0
417214	2.581e+06	6
417224	2.581e+06	6
417224	2.76316e+06	1
417237	2.76316e+06	1
417245	2.6793e+06	5
417246	2.60001e+06	7
417248	2.58098e+06	6
417251	2.54154e+06	0
417251	2.59999e+06	7
417255	2.7499e+06	4
417256	2.59999e+06	7
417263	2.53472e+06	0
417265	2.54277e+06	3
417265	2.54277e+06	2
417270	2.76316e+06	1
417272	2.53212e+06	0
417274	2.46319e+06	3
417279	2.40289e+06	2
417282	2.72178e+06	4
417283	2.40287e+06	2
417284	2.46319e+06	3
417288	2.40199e+06	2
417290	2.65253e+06	5
417291	2.46319e+06	3
417297	2.65253e+06	5
417298	2.40199e+06	2
417300	2.46319e+06	3
417309	2.6861e+06	4
417331	2.48967e+06	0
417336	2.48967e+06	0
417341	2.6697e+06	4
417349	2.40192e+06	3
417349	2.4819e+06	7
417352	2.40192e+06	2
417352	2.6697e+06	4
417355	2.46648e+06	0
417360	2.40192e+06	3
417364	2.40192e+06	2
417369	2.52045e+06	1
417373	2.40192e+06	3
417373	2.49291e+06	4
417373	2.40192e+06	5
417378	2.40192e+06	2
417381	2.51492e+06	1
417382	2.40192e+06	3
417386	2.40192e+06	2
417389	2.40192e+06	5
417389	2.40192e+06	3
417394	2.40192e+06	3
417394	2.40192e+06	5
417399	2.44742e+06	7
417400	2.40192e+06	2
417403	2.40192e+06	5
417404	2.40192e+06	3
417404	2.40192e+06	2
417407	2.42484e+06	0
417409	2.40192e+06	5
417413	2.38857e+06	5
417413	2.58098e+06	6
417414	2.40192e+06	2
417416	2.42423e+06	7
417416	2.51492e+06	1
417418	2.41824e+06	0
417421	2.40192e+06	2
417422	2.38873e+06	6
417423	2.38198e+06	0
417430	2.38873e+06	6
417433	2.38857e+06	5
417435	2.40192e+06	2
417435	2.51492e+06	1
417437	2.40297e+06	7
417437	2.38873e+06	6
417441	2.38857e+06	5
417446	2.40192e+06	2
417448	2.38857e+06	5
417449	2.38214e+06	6
417450	2.38198e+06	2
417451	2.51492e+06	1
417454	2.38857e+06	5
417457	2.38198e+06	1
417459	2.38198e+06	5
417462	2.38198e+06	0
417463	2.38214e+06	6
417465	2.38198e+06	2
417466	2.38198e+06	1
417467	2.38198e+06	6
417468	2.38198e+06	0
417469	2.38198e+06	5
417474	2.38198e+06	1
417475	2.38198e+06	6
417481	2.40192e+06	3
417483	2.38198e+06	5
417483	2.38198e+06	0
417484	2.38198e+06	1
417487	2.42559e+06	4
417492	2.38198e+06	0
417494	2.38198e+06	1
417496	2.38198e+06	0
417498	2.38198e+06	1
417500	2.38198e+06	5
417504	2.38198e+06	0
417508	2.38198e+06	1
417508	2.38198e+06	5
417512	2.38198e+06	5
417513	2.38198e+06	0
417518	2.38198e+06	5
417520	2.38198e+06	0
417521	2.38198e+06	1
417522	2.38198e+06	2
417526	2.38198e+06	1
417529	2.38198e+06	0
417532	2.38198e+06	2
417533	2.42559e+06	4
417533	2.38198e+06	0
417539	2.38198e+06	1
417541	2.38198e+06	2
417541	2.42523e+06	4
417541	2.38198e+06	0
417544	2.38198e+06	1
417544	2.38198e+06	2
417550	2.42523e+06	4
417552	2.38198e+06	6
417553	2.38198e+06	2
417554	2.38198e+06	4
417560	2.38198e+06	2
417561	2.38198e+06	6
417563	2.38198e+06	4
417570	2.38198e+06	1
417573	2.38198e+06	2
417575	2.38198e+06	4
417578	2.38198e+06	6
417578	2.38198e+06	1
417580	2.38198e+06	2
417583	2.38198e+06	6
417584	2.38198e+06	2
417586	2.38198e+06	1
417586	2.38198e+06	4
417589	2.38198e+06	6
417592	2.38198e+06	2
417592	2.38198e+06	1
417597	2.38198e+06	1
417601	2.38198e+06	6
417603	2.38198e+06	4
417604	2.38198e+06	2
417607	2.38198e+06	4
417608	2.38198e+06	6
417613	2.38198e+06	2
417613	2.38198e+06	4
417615	2.38198e+06	5
417617	2.38198e+06	1
417619	2.38198e+06	6
417621	2.38198e+06	2
417622	2.38198e+06	5
417623	2.38198e+06	4
