291631	0	-1
291680	1.09298e+07	3
291683	1.09374e+07	2
291683	7.36507e+06	3
291686	1.09364e+07	1
291686	7.36507e+06	3
291687	7.37627e+06	2
291688	1.09383e+07	0
291689	7.37627e+06	2
291689	7.37515e+06	1
291690	7.36507e+06	3
291692	7.37572e+06	0
291692	7.37515e+06	1
291693	6.92666e+06	2
291695	6.578e+06	2
291695	7.37572e+06	0
291695	7.37515e+06	1
291696	7.36507e+06	3
291697	6.578e+06	2
291699	7.36507e+06	3
291699	6.578e+06	2
291702	7.02702e+06	3
291703	6.578e+06	2
291706	7.02702e+06	3
291706	6.31441e+06	2
291707	5.78562e+06	0
291709	6.31441e+06	2
291710	5.78562e+06	0
291711	7.02702e+06	3
291711	7.37515e+06	1
291714	7.37515e+06	1
291715	5.78562e+06	0
291715	7.02702e+06	3
291717	7.37515e+06	1
291718	6.35616e+06	3
291719	6.30967e+06	2
291722	5.78562e+06	0
291723	6.30967e+06	2
291723	5.60931e+06	3
291724	5.78562e+06	0
291725	5.77059e+06	1
291726	5.78562e+06	0
291727	6.30967e+06	2
291728	5.71954e+06	1
291728	5.78562e+06	0
291731	6.30967e+06	2
291731	5.56972e+06	0
291732	5.50639e+06	1
291734	6.30967e+06	2
291735	5.49089e+06	1
291736	5.56972e+06	0
291736	6.30967e+06	2
291738	5.56972e+06	0
291738	5.49089e+06	1
291741	6.30967e+06	2
291742	5.55773e+06	0
291746	5.55773e+06	0
291750	5.49089e+06	1
291750	5.55773e+06	0
291752	5.49089e+06	1
291752	6.30967e+06	2
291753	5.55773e+06	0
291755	5.49089e+06	1
291755	5.55773e+06	0
291756	5.60931e+06	3
291757	5.49101e+06	0
291757	5.56266e+06	2
291757	5.49089e+06	1
291758	7.04457e+06	4
291760	5.49089e+06	1
291761	5.53204e+06	2
291762	5.49101e+06	0
291764	5.49089e+06	1
291764	5.53204e+06	2
291765	5.49101e+06	0
291767	5.53204e+06	2
291771	5.53204e+06	2
291771	5.47512e+06	0
291771	4.8965e+06	1
291773	5.53204e+06	2
291775	5.47512e+06	0
291777	5.53204e+06	2
291778	5.47512e+06	0
291780	5.53204e+06	2
291781	5.47512e+06	0
291783	5.47512e+06	0
291789	4.87228e+06	0
291789	5.60931e+06	3
291790	5.53197e+06	2
291791	4.87228e+06	0
291792	5.53197e+06	2
291795	4.87228e+06	0
291796	5.49726e+06	2
291798	4.87228e+06	0
291799	5.49726e+06	2
291801	4.87228e+06	0
291805	4.86996e+06	0
291808	4.86996e+06	0
291810	5.49726e+06	2
291811	4.86996e+06	0
291813	4.8965e+06	1
291816	5.49726e+06	2
291816	5.49109e+06	3
291818	4.8965e+06	1
291820	5.49107e+06	3
291820	4.86996e+06	0
291822	5.49107e+06	3
291823	4.8965e+06	1
291826	5.49107e+06	3
291826	4.86996e+06	0
291826	4.89418e+06	1
291829	4.89418e+06	1
291831	5.49107e+06	3
291832	4.89418e+06	1
291834	5.49107e+06	3
291835	4.86996e+06	0
291837	4.86996e+06	0
291838	5.49107e+06	3
291838	4.89418e+06	1
291840	4.86996e+06	0
291841	5.49055e+06	3
291842	4.86996e+06	0
291843	5.49055e+06	3
291844	4.89418e+06	1
291845	4.86996e+06	0
291845	5.49726e+06	2
291846	5.49055e+06	3
291848	4.89418e+06	1
291848	5.49055e+06	3
291849	5.49726e+06	2
291850	5.49055e+06	3
291851	4.86996e+06	0
291851	4.88872e+06	1
291852	5.49055e+06	3
291852	5.49726e+06	2
291854	4.88872e+06	1
291855	5.39823e+06	3
291856	4.86996e+06	0
291857	4.88872e+06	1
291857	5.39823e+06	3
291858	4.86996e+06	0
291859	4.88872e+06	1
291860	5.39823e+06	3
291861	4.86996e+06	0
291864	4.88024e+06	1
291864	4.86996e+06	0
291864	5.39823e+06	3
291866	4.88024e+06	1
291868	5.38687e+06	3
291868	4.86996e+06	0
291871	5.38687e+06	3
291871	4.86996e+06	0
291873	5.38687e+06	3
291874	4.84169e+06	1
291876	5.38687e+06	3
291876	4.84169e+06	1
291878	4.86996e+06	0
291879	4.84169e+06	1
291880	4.86996e+06	0
291880	5.38687e+06	3
291882	4.84169e+06	1
291883	5.38687e+06	3
291883	4.86814e+06	0
291884	4.84169e+06	1
291884	4.98204e+06	4
291885	5.49726e+06	2
291885	4.86814e+06	0
291887	4.86814e+06	0
291888	4.84169e+06	1
291890	5.49726e+06	2
291891	4.8637e+06	0
291892	4.84169e+06	1
291895	4.84169e+06	1
291898	4.84169e+06	1
291901	4.8637e+06	0
291902	4.84169e+06	1
291903	4.8637e+06	0
291905	4.84169e+06	1
291906	4.8637e+06	0
291910	4.8637e+06	0
291910	4.84169e+06	1
291914	4.8637e+06	0
291914	5.38687e+06	3
291916	4.84169e+06	1
291917	5.38687e+06	3
291919	4.84169e+06	1
291920	4.8637e+06	0
291922	5.38687e+06	3
291924	4.8637e+06	0
291925	5.38687e+06	3
291928	5.38687e+06	3
291929	5.49726e+06	2
291931	5.38687e+06	3
291933	5.49726e+06	2
291935	5.38687e+06	3
291937	5.49726e+06	2
291939	5.38687e+06	3
291940	5.49726e+06	2
291945	5.38687e+06	3
291945	5.48324e+06	2
291948	5.48324e+06	2
291948	5.38687e+06	3
291952	5.38687e+06	3
291954	5.38687e+06	3
291956	5.48324e+06	2
291957	5.38242e+06	3
291959	5.48324e+06	2
291962	5.38242e+06	3
291963	4.84169e+06	1
291963	5.48324e+06	2
291965	5.48324e+06	2
291966	4.84169e+06	1
291967	5.48324e+06	2
291968	5.38242e+06	3
291969	4.84169e+06	1
291970	5.48324e+06	2
291971	5.38242e+06	3
291971	4.8637e+06	0
291972	4.84169e+06	1
291974	4.8637e+06	0
291975	5.38242e+06	3
291975	4.84089e+06	1
291976	5.36443e+06	2
291978	4.84089e+06	1
291979	5.38242e+06	3
291980	4.8637e+06	0
291980	5.36443e+06	2
291981	4.84089e+06	1
291982	5.38242e+06	3
291983	5.36443e+06	2
291984	4.8637e+06	0
291986	5.38242e+06	3
291986	5.36443e+06	2
291987	4.8637e+06	0
291990	5.36443e+06	2
291990	5.38242e+06	3
291992	5.36443e+06	2
291993	5.38242e+06	3
291994	4.8637e+06	0
291995	5.36443e+06	2
291998	5.36443e+06	2
291999	5.38242e+06	3
292003	5.36443e+06	2
292003	5.38242e+06	3
292004	4.8637e+06	0
292006	5.38242e+06	3
292006	5.36443e+06	2
292007	4.8637e+06	0
292009	5.38242e+06	3
292009	5.36443e+06	2
292010	4.8637e+06	0
292012	5.38242e+06	3
292013	4.8637e+06	0
292013	5.36228e+06	2
292013	4.81669e+06	4
292015	4.8637e+06	0
292015	5.38242e+06	3
292017	5.36228e+06	2
292018	4.84089e+06	1
292021	4.8637e+06	0
292021	4.84089e+06	1
292021	5.36228e+06	2
292023	4.8637e+06	0
292023	4.84089e+06	1
292026	4.8637e+06	0
292026	5.36228e+06	2
292026	4.84089e+06	1
292029	4.8637e+06	0
292030	4.84089e+06	1
292032	4.84089e+06	1
292032	4.8637e+06	0
292033	5.36228e+06	2
292035	4.8637e+06	0
292036	5.36228e+06	2
292037	4.84089e+06	1
292038	4.8637e+06	0
292039	5.36228e+06	2
292040	4.8637e+06	0
292040	4.84089e+06	1
292042	4.8637e+06	0
292043	5.36228e+06	2
292043	5.38242e+06	3
292044	4.84089e+06	1
292044	4.8637e+06	0
292046	5.36228e+06	2
292046	5.38242e+06	3
292046	4.84089e+06	1
292047	4.8637e+06	0
292049	5.38242e+06	3
292050	4.84089e+06	1
292051	4.8637e+06	0
292053	4.84089e+06	1
292053	5.38242e+06	3
292053	4.8637e+06	0
292055	4.84089e+06	1
292055	4.8637e+06	0
292060	4.8637e+06	0
292063	4.8637e+06	0
292066	4.8637e+06	0
292068	4.8637e+06	0
292073	4.8637e+06	0
292076	4.8637e+06	0
292078	4.8637e+06	0
292079	5.36228e+06	2
292080	4.8637e+06	0
292083	5.36228e+06	2
292085	5.38242e+06	3
292086	5.36148e+06	2
292088	5.38242e+06	3
292090	5.36148e+06	2
292091	5.38242e+06	3
292092	5.36148e+06	2
292096	5.38242e+06	3
292097	5.36148e+06	2
292099	5.36148e+06	2
292099	5.38242e+06	3
292101	5.36148e+06	2
292102	5.38242e+06	3
292102	4.84089e+06	1
292104	5.36148e+06	2
292104	5.38242e+06	3
292105	4.84089e+06	1
292107	4.84089e+06	1
292107	5.36148e+06	2
292107	5.38242e+06	3
292112	5.36148e+06	2
292112	4.84089e+06	1
292114	5.36148e+06	2
292118	5.36148e+06	2
292119	4.84089e+06	1
292120	5.36148e+06	2
292122	4.84089e+06	1
292123	5.36148e+06	2
292123	4.8637e+06	0
292125	5.36148e+06	2
292125	4.84089e+06	1
292126	4.8637e+06	0
292128	5.36148e+06	2
292132	5.36148e+06	2
292133	4.8637e+06	0
292136	4.8637e+06	0
292136	5.36148e+06	2
292138	5.38242e+06	3
292141	5.36148e+06	2
292141	5.38242e+06	3
292144	5.38242e+06	3
292145	5.36148e+06	2
292151	5.36148e+06	2
292155	5.36148e+06	2
292158	5.36148e+06	2
292164	5.36148e+06	2
292168	5.36148e+06	2
292173	5.36148e+06	2
292177	5.36148e+06	2
292178	5.38242e+06	3
292180	4.84089e+06	1
292181	5.38242e+06	3
292187	5.38242e+06	3
292191	4.82652e+06	4
292191	4.84089e+06	1
292192	5.38242e+06	3
292193	4.8637e+06	0
292194	4.84089e+06	1
292196	4.8637e+06	0
292197	4.84089e+06	1
292197	5.38242e+06	3
292199	4.84089e+06	1
292200	5.38242e+06	3
292202	4.84089e+06	1
292202	5.38242e+06	3
292205	4.84089e+06	1
292205	5.38242e+06	3
292206	5.36148e+06	2
292209	5.38242e+06	3
292210	5.36148e+06	2
292212	5.34768e+06	3
292213	5.36148e+06	2
292216	5.34768e+06	3
292220	5.34768e+06	3
292223	5.34768e+06	3
292227	5.34768e+06	3
292231	5.34768e+06	3
292233	5.34768e+06	3
292235	5.34768e+06	3
292235	4.84089e+06	1
292237	5.34768e+06	3
292241	5.34768e+06	3
292243	5.34768e+06	3
292263	4.84089e+06	1
292267	4.84089e+06	1
292295	4.84089e+06	1
292299	4.84089e+06	1
292302	4.84089e+06	1
292304	4.84089e+06	1
292305	4.82572e+06	4
292306	4.84089e+06	1
292308	4.84089e+06	1
292310	4.84089e+06	1
292314	4.84089e+06	1
292316	4.84089e+06	1
292318	4.84089e+06	1
292320	4.84089e+06	1
292322	4.84089e+06	1
292325	4.84089e+06	1
292327	4.84089e+06	1
292332	4.84089e+06	1
292389	4.82572e+06	4
