414984	0	-1
415013	1.09372e+07	0
415034	6.63551e+06	0
415038	6.38865e+06	0
415041	6.36117e+06	0
415059	6.08185e+06	0
415064	6.07638e+06	0
415075	5.402e+06	0
415102	5.40019e+06	0
415123	4.91369e+06	0
415136	4.91369e+06	0
415142	4.85008e+06	0
415147	4.37728e+06	0
415158	4.37728e+06	0
415163	4.37728e+06	0
415178	4.37728e+06	0
415186	4.37728e+06	0
415193	4.37728e+06	0
415195	4.37728e+06	0
415214	4.37728e+06	0
415236	4.37728e+06	0
415239	4.37728e+06	0
415244	4.37728e+06	0
415248	4.37728e+06	0
415272	4.37728e+06	0
415275	4.37728e+06	0
415279	4.37728e+06	0
415284	4.37728e+06	0
415309	4.37728e+06	0
415355	4.37728e+06	0
415359	4.37728e+06	0
415361	4.37728e+06	0
415371	4.37728e+06	0
415379	4.37728e+06	0
415397	4.37728e+06	0
415400	4.37728e+06	0
415402	4.37728e+06	0
415408	4.37728e+06	0
415411	4.37728e+06	0
415414	4.37728e+06	0
415434	4.37728e+06	0
415474	4.37728e+06	0
415494	4.37728e+06	0
415498	4.37728e+06	0
415508	4.37728e+06	0
415520	4.37728e+06	0
415526	4.37728e+06	0
415528	4.37728e+06	0
415552	4.37728e+06	0
415556	4.37728e+06	0
415561	4.37728e+06	0
415592	4.37728e+06	0
415601	4.37728e+06	0
415644	4.37728e+06	0
415655	4.37728e+06	0
415660	4.37728e+06	0
415666	4.37728e+06	0
415675	4.37728e+06	0
415678	4.37728e+06	0
415688	4.37728e+06	0
415696	4.37728e+06	0
415701	4.37728e+06	0
415705	4.37728e+06	0
415708	4.37728e+06	0
415711	4.37728e+06	0
415715	4.37728e+06	0
415720	4.37728e+06	0
415728	4.37728e+06	0
415748	4.37728e+06	0
415755	4.37728e+06	0
415758	4.37728e+06	0
415771	4.37728e+06	0
415804	4.37728e+06	0
415826	4.37728e+06	0
415830	4.37728e+06	0
415834	4.37728e+06	0
415858	4.37728e+06	0
415860	4.37728e+06	0
415866	4.37728e+06	0
