302214	0	-1
302258	1.12499e+07	1
302269	1.09368e+07	0
302270	1.12108e+07	3
302271	1.09323e+07	2
302273	7.34567e+06	0
302277	7.61654e+06	3
302278	7.36954e+06	2
302278	7.37077e+06	1
302290	7.34567e+06	0
302299	7.34567e+06	0
302305	6.89702e+06	0
302313	7.35274e+06	2
302323	7.33776e+06	3
302349	5.20352e+06	2
302351	5.27021e+06	3
302355	5.25979e+06	3
302356	5.18894e+06	2
302383	7.35831e+06	1
302393	6.89702e+06	0
302393	4.62601e+06	3
302406	4.62601e+06	2
302408	6.05319e+06	0
302412	6.04967e+06	0
302422	4.5861e+06	0
302427	4.54487e+06	0
302430	4.54487e+06	0
302433	4.56652e+06	2
302433	4.54487e+06	0
302439	4.5297e+06	0
302462	4.26207e+06	0
302466	4.26058e+06	0
302469	4.26058e+06	0
302476	4.20987e+06	0
302476	4.62601e+06	3
302479	4.20987e+06	0
302480	4.60828e+06	3
302484	4.20987e+06	3
302488	7.35831e+06	1
302488	4.18616e+06	0
302491	4.20987e+06	3
302497	4.1366e+06	2
302499	4.20707e+06	3
302512	7.35831e+06	1
302546	4.18616e+06	0
302553	3.90878e+06	2
302556	3.90878e+06	2
302562	3.90878e+06	2
302563	3.90878e+06	3
302572	3.90878e+06	3
302577	3.90878e+06	3
302586	3.9407e+06	1
302590	3.9407e+06	1
302591	3.90878e+06	2
302598	3.9407e+06	1
302600	3.90878e+06	3
302602	3.90649e+06	1
302607	3.90649e+06	1
302607	3.90878e+06	0
302611	3.90649e+06	1
302614	3.90649e+06	1
302622	3.90649e+06	1
302623	3.90799e+06	2
302625	3.90649e+06	1
302628	3.90569e+06	1
302629	3.90799e+06	2
302632	3.90569e+06	1
302634	3.90569e+06	2
302638	3.90878e+06	0
302639	3.90569e+06	2
302639	3.90569e+06	1
302644	3.90569e+06	1
302644	3.89831e+06	2
302648	3.89831e+06	2
302683	3.90569e+06	1
302687	3.89831e+06	2
302690	3.89831e+06	2
302690	3.75013e+06	3
302692	3.75013e+06	3
302694	3.89831e+06	2
302694	3.87229e+06	0
302720	3.90569e+06	1
302721	3.73208e+06	3
302724	3.73017e+06	3
302724	3.78751e+06	0
302727	3.77858e+06	0
302729	3.73017e+06	3
302729	3.57814e+06	0
302740	3.70851e+06	3
302741	3.50808e+06	0
302746	3.50776e+06	0
302750	3.50776e+06	0
302754	3.79466e+06	1
302757	3.50776e+06	0
302780	3.50776e+06	0
302784	3.60852e+06	3
302786	3.74421e+06	2
302789	3.58136e+06	3
302790	3.74405e+06	2
302794	3.50776e+06	0
302820	3.38006e+06	3
302821	3.37495e+06	2
302824	3.36243e+06	3
302824	3.37495e+06	0
302825	3.61473e+06	1
302826	3.27301e+06	2
302827	3.37495e+06	0
302829	3.61467e+06	1
302839	3.27301e+06	2
302843	3.27287e+06	2
302847	3.27125e+06	2
302850	3.28478e+06	1
302850	3.36243e+06	3
302853	3.27125e+06	2
302864	3.28478e+06	1
302870	3.27095e+06	2
302871	3.27095e+06	3
302874	3.27095e+06	3
302875	3.2831e+06	1
302876	3.27095e+06	2
302879	3.27095e+06	3
302879	3.37495e+06	0
302888	3.26927e+06	2
302893	3.27054e+06	0
302893	3.26931e+06	1
302897	3.26931e+06	3
302897	3.27054e+06	0
302899	3.26931e+06	1
302900	3.26927e+06	2
302902	3.26931e+06	3
302906	3.26927e+06	2
302906	3.26931e+06	1
302906	3.26931e+06	3
302909	3.27054e+06	0
302911	3.26927e+06	2
302916	3.26927e+06	3
302917	3.26927e+06	1
302919	3.26886e+06	0
302923	3.26886e+06	0
302923	3.26927e+06	1
302924	3.26927e+06	2
302926	3.26886e+06	0
302927	3.26927e+06	1
302930	3.26886e+06	0
302932	3.26886e+06	1
302935	3.26886e+06	0
302938	3.26886e+06	0
302942	3.26886e+06	0
302945	3.26886e+06	0
302946	3.26886e+06	1
302948	3.26886e+06	0
302951	3.26886e+06	0
302952	3.26886e+06	1
302956	3.26886e+06	1
302956	3.26886e+06	0
302959	3.26886e+06	0
302962	3.26886e+06	1
302964	3.26927e+06	2
302964	3.26886e+06	1
302966	3.26927e+06	3
302967	3.26886e+06	1
302969	3.26927e+06	3
302971	3.26886e+06	1
302972	3.26886e+06	3
302974	3.26886e+06	1
302976	3.26886e+06	1
302980	3.26886e+06	3
302980	3.26886e+06	1
302984	3.26886e+06	3
302985	3.26886e+06	1
302986	3.26886e+06	3
302987	3.26886e+06	1
302997	3.26886e+06	1
303001	3.26886e+06	1
303003	3.26886e+06	1
303004	3.26927e+06	2
303007	3.26886e+06	1
303007	3.26886e+06	2
303010	3.26886e+06	1
303012	3.26886e+06	2
303014	3.26886e+06	3
303018	3.26886e+06	3
303020	3.26886e+06	3
303023	3.26886e+06	3
303051	3.26886e+06	2
303054	3.26886e+06	2
303061	3.26886e+06	2
303063	3.26886e+06	2
303064	3.26886e+06	3
303065	3.26886e+06	2
303066	3.26886e+06	3
303068	3.26886e+06	2
303069	3.26886e+06	3
303076	3.26886e+06	3
303078	3.26886e+06	3
303086	3.26886e+06	3
