326307	0	-1
326355	1.0939e+07	1
326355	1.09295e+07	0
326357	1.09297e+07	3
326377	1.12295e+07	2
326477	6.63174e+06	1
326485	1.09297e+07	3
326488	5.55422e+06	0
326547	1.12295e+07	2
326715	4.89481e+06	1
326786	4.80488e+06	0
326824	1.09297e+07	3
326831	4.29011e+06	1
326843	4.23935e+06	1
326876	1.12295e+07	2
326929	1.09297e+07	3
327015	8.58604e+06	2
327016	4.46315e+06	0
327055	4.23935e+06	1
327086	5.30631e+06	3
327095	8.02659e+06	2
327136	4.11326e+06	1
327141	3.97403e+06	0
327240	3.50293e+06	1
327353	8.02659e+06	2
327372	5.30631e+06	3
327390	5.13104e+06	3
327442	3.50293e+06	1
327447	4.70443e+06	3
327448	3.48156e+06	1
327479	7.89459e+06	2
327485	3.30725e+06	1
327543	3.97403e+06	0
327616	6.30569e+06	2
327640	3.94201e+06	0
327681	3.39971e+06	3
327705	3.30725e+06	1
327745	3.23945e+06	3
327780	3.19253e+06	3
327782	3.51042e+06	0
327826	3.30725e+06	1
327915	6.30569e+06	2
327924	3.30725e+06	1
327958	3.15688e+06	0
327992	3.19253e+06	3
327994	6.28306e+06	2
328082	3.11004e+06	0
328084	6.28306e+06	2
328157	3.17428e+06	3
328157	3.12282e+06	1
328166	3.17428e+06	3
328249	3.11004e+06	0
328264	3.13512e+06	2
328302	3.0331e+06	1
328386	3.05119e+06	3
328393	3.12648e+06	2
328415	2.98337e+06	0
328435	2.63532e+06	2
328452	2.95399e+06	0
328481	2.9766e+06	1
328481	3.02833e+06	3
328527	2.45365e+06	1
328538	2.4642e+06	2
328538	2.45365e+06	1
328605	2.45365e+06	1
328621	2.45396e+06	0
328627	3.02833e+06	3
328674	2.36266e+06	2
