339584	0	-1
339631	1.09371e+07	3
339633	1.09373e+07	0
339636	1.09322e+07	2
339639	1.09385e+07	1
339644	7.37601e+06	1
339646	6.01022e+06	2
339649	7.37407e+06	0
339651	6.01022e+06	2
339656	7.3132e+06	1
339656	6.57678e+06	0
339660	7.3132e+06	1
339662	5.22946e+06	0
339669	5.44795e+06	2
339679	6.24125e+06	3
339689	6.24125e+06	3
339694	5.47797e+06	3
339731	5.48916e+06	1
339739	4.28255e+06	0
339743	3.19736e+06	3
339749	3.19736e+06	3
339754	3.12431e+06	3
339759	4.28194e+06	2
339760	3.7665e+06	1
339766	4.23443e+06	2
339767	3.70664e+06	1
339771	3.70664e+06	1
339776	3.67334e+06	1
339801	3.99939e+06	0
339807	3.97049e+06	0
339825	2.591e+06	1
339831	2.57148e+06	1
339867	3.97049e+06	0
339869	3.78813e+06	2
339871	3.95048e+06	0
339880	2.7201e+06	3
339887	2.7201e+06	3
339896	2.49137e+06	1
339904	2.42711e+06	1
339916	2.40946e+06	1
339927	3.37439e+06	2
339932	3.37439e+06	2
339944	2.57148e+06	0
339964	2.57148e+06	0
339971	2.49055e+06	3
339978	2.48528e+06	3
339981	2.48528e+06	3
339987	2.48528e+06	3
339992	2.48528e+06	3
339995	2.40798e+06	1
339999	2.57148e+06	0
340000	2.40798e+06	1
340006	2.40798e+06	1
340007	2.40798e+06	3
340010	2.40074e+06	1
340012	2.57148e+06	0
340013	2.40798e+06	3
340014	2.40074e+06	1
340016	2.40798e+06	3
340016	2.40798e+06	2
340019	2.57123e+06	0
340020	2.40074e+06	2
340020	2.40798e+06	3
340023	2.40074e+06	2
340023	2.40074e+06	0
340026	2.40074e+06	1
340031	2.40074e+06	0
340033	2.40074e+06	1
340034	2.40074e+06	2
340037	2.40074e+06	0
340038	2.40074e+06	1
340041	2.40074e+06	1
340042	2.40074e+06	0
340044	2.40074e+06	0
340045	2.40074e+06	1
340047	2.40074e+06	0
340048	2.40074e+06	1
340051	2.40074e+06	2
340054	2.40074e+06	2
340054	2.40074e+06	1
340057	2.40074e+06	0
340059	2.40074e+06	2
340059	2.40074e+06	1
340062	2.40798e+06	3
340063	2.40074e+06	2
340063	2.40074e+06	0
340065	2.40074e+06	3
340065	2.40074e+06	1
340069	2.40074e+06	0
340070	2.40074e+06	3
340071	2.40074e+06	1
340074	2.40074e+06	1
340075	2.40074e+06	0
340076	2.40074e+06	3
340078	2.40074e+06	0
340080	2.40074e+06	3
340082	2.40074e+06	1
340084	2.40074e+06	3
340086	2.40074e+06	3
340089	2.40074e+06	3
340089	2.40074e+06	1
340093	2.40074e+06	3
340095	2.40074e+06	2
340098	2.40074e+06	3
340099	2.40074e+06	1
340101	2.40074e+06	3
340102	2.40074e+06	2
340104	2.40074e+06	3
340105	2.40074e+06	2
340107	2.40074e+06	1
340108	2.40074e+06	3
340110	2.40074e+06	1
340115	2.40074e+06	0
340115	2.40074e+06	1
340116	2.40074e+06	3
340119	2.40074e+06	2
340120	2.40074e+06	1
340124	2.40074e+06	1
340125	2.40074e+06	2
340128	2.40074e+06	2
340136	2.40074e+06	2
340139	2.40074e+06	2
340147	2.40074e+06	2
340152	2.40074e+06	2
340153	2.40074e+06	3
340159	2.40074e+06	3
340161	2.40074e+06	3
340164	2.40074e+06	1
340164	2.40074e+06	2
340166	2.40074e+06	1
340167	2.40074e+06	0
340167	2.40074e+06	3
340169	2.40074e+06	1
340169	2.40074e+06	2
340169	2.40074e+06	0
340172	2.40074e+06	2
340173	2.40074e+06	3
340175	2.40074e+06	1
340179	2.40074e+06	0
340180	2.40074e+06	3
340181	2.40074e+06	0
340181	2.40074e+06	1
340183	2.40074e+06	2
340184	2.40074e+06	3
340186	2.40074e+06	1
340187	2.40074e+06	3
340188	2.40074e+06	0
340189	2.40074e+06	1
340192	2.40074e+06	3
340192	2.40074e+06	2
340193	2.40074e+06	0
340196	2.40074e+06	0
340201	2.40074e+06	2
340201	2.40074e+06	1
340202	2.40074e+06	0
340202	2.40074e+06	3
340204	2.40074e+06	1
340205	2.40074e+06	0
340209	2.40074e+06	2
340210	2.40074e+06	3
340212	2.40074e+06	2
340216	2.40074e+06	0
340216	2.40074e+06	1
340217	2.40074e+06	3
340217	2.40074e+06	2
340220	2.40074e+06	2
340220	2.40074e+06	3
340220	2.40074e+06	1
340222	2.40074e+06	0
340223	2.40074e+06	1
340225	2.40074e+06	2
340229	2.40074e+06	0
340231	2.40074e+06	2
340232	2.40074e+06	0
340234	2.40074e+06	2
340234	2.40074e+06	0
340237	2.40074e+06	2
340237	2.40074e+06	0
340243	2.40074e+06	2
340248	2.40074e+06	0
340248	2.40074e+06	2
340255	2.40074e+06	2
340257	2.40074e+06	0
340257	2.40074e+06	3
340258	2.40074e+06	2
340261	2.40074e+06	3
340263	2.40074e+06	2
340266	2.40074e+06	3
340266	2.40074e+06	2
340270	2.40074e+06	3
340270	2.40074e+06	2
340272	2.40074e+06	3
340276	2.40074e+06	2
340279	2.40074e+06	2
340279	2.36069e+06	0
340282	2.36069e+06	0
340290	2.35692e+06	0
340295	2.35692e+06	0
340298	2.35692e+06	0
340337	2.35692e+06	0
